464052
458576
522444
664767
755812
560144
651571
529203
604822
590706
508442
495764
553604
613504
539885
596247
38700
577922
609242
531499
666750
737568
520946
338762
545609
582306
631939
400160
615677
675490
531219
581392
723072
687149
618353
340102
749618
337401
635302
700995
662334
594718
741074
443791
632632
659067
743439
621013
575088
581600
581734
587496
509635
681019
505225
571785
715658
466622
736509
565743
531299
595149
631132
743904
714338
725649
738542
590995
659986
671583
695568
732472
655431
627290
560050
621870
662546
447362
581032
675327
677638
756278
594328
591237
716258
748224
623491
625568
738215
457335
667141
618344
503929
454626
741998
721656
726739
627661
552687
774810
557940
715123
733491
513584
689249
648990
524047
624963
582596
667520
519056
621151
692969
718022
716799
610461
657811
732721
623926
726208
718867
565426
636879
703745
664168
656563
516632
753926
654028
774372
703771
681429
551804
425001
556678
623034
582014
597219
526019
758510
752455
732670
590223
576156
320846
622855
446893
575774
754433
771305
768509
656561
732713
647325
385103
711715
768076
550440
482273
654879
441316
655720
508439
575446
618354
547012
539617
579792
624808
497582
643550
766534
716703
728144
740985
653756
658760
660982
586592
481848
743227
583083
613096
554585
566927
652004
421057
593655
667018
701062
674025
390635
520725
475430
751394
589970
502033
608195
657561
373571
581387
684369
607383
475557
592350
384018
512200
299534
461130
429617
509967
560192
290859
458156
520901
611914
181812
287947
532067
578189
453405
522938
338967
299537
489245
320288
458897
641790
399579
500916
572154
466550
511987
574982
330457
537915
599845
496243
545330
449924
423204
584044
474350
522627
567006
359724
428045
514439
576379
504949
568160
667388
535292
456740
559969
484641
595172
346709
524216
571627
617708
613200
479455
609202
576393
560964
500922
471707
597398
635744
599399
420818
645541
676691
508664
480042
559957
619278
573699
608813
486589
516052
648043
301528
514921
450465
638134
458305
530079
420817
644977
605368
599396
573560
429471
589885
535845
449985
570503
575813
527776
633163
438650
487680
554596
588073
166428
587808
504562
447404
433249
600301
420809
524251
412117
546554
554590
508138
570269
539140
413518
531306
553839
637920
505948
549787
565179
564251
521029
399361
585213
611468
460321
611562
553835
593035
530382
646332
561362
531503
486131
500852
615982
512901
589082
419704
436053
520552
587065
586347
504631
654299
535167
617402
527641
576004
586954
530915
465003
569016
416144
438674
570508
595985
483906
458253
613860
449562
571650
575769
567733
536869
480414
524348
582570
645488
535265
606117
555748
492188
638507
625450
466272
431580
553600
619264
585311
522518
499701
522924
628446
597102
515001
608491
431693
500682
521777
509874
299536
335983
345940
505262
427641
346910
333339
518764
297802
284054
536115
383498
424783
480530
351286
268896
345887
504253
363088
428078
454286
324857
416194
399360
540247
399402
337167
500921
407439
400155
402900
442249
511679
522417
438590
336843
523849
400535
534338
476292
338952
546230
429415
445651
447332
476968
375588
503314
557968
353081
401478
440471
438689
348350
404368
560704
550201
458594
447200
471335
260513
523931
506680
474392
424694
539892
388427
439079
429351
338970
531380
369972
489999
448776
513691
472715
409582
494407
475132
496704
520466
454983
512412
520788
425505
347375
426865
466282
497370
475215
476926
487242
438799
478820
532321
504982
525554
360920
401981
475210
532638
449443
522964
447743
467824
345934
531597
459910
430040
460885
481203
494031
300668
473149
512936
514710
470878
502581
471506
399035
395990
396806
552161
447665
406563
557972
411143
513347
472744
490132
499077
523536
454619
518068
449992
540871
449176
521647
466361
500475
405965
421658
401469
527675
450001
532444
411135
511343
529981
420426
500919
564082
454227
492719
544810
469916
483455
531593
552858
400090
487670
496349
460668
491418
332562
455236
503616
526682
497814
514547
493922
539517
474395
484247
525460
520541
557635
545572
381719
505954
405774
548204
544431
547912
524708
419478
506863
417261
399248
460019
493488
554581
347111
548066
454650
507569
439015
548754
529982
293167
141052
440249
315635
284053
297762
337339
354912
398818
436931
433945
480157
324552
345938
126889
451156
283995
397567
433422
335984
263115
274855
260514
353486
341174
381289
47971
181808
424998
281338
343668
397852
461083
166426
413594
441168
499338
462883
335988
431819
467988
339846
467938
400136
406990
408220
390043
445030
460648
354556
453354
339964
339403
419743
283984
400928
321612
305470
339259
449574
315064
480881
396422
350312
362585
364689
315837
290512
346364
428707
453362
353491
335788
397837
365942
324852
452557
467615
399055
467433
380764
341013
451644
400106
407650
408647
425134
399019
450806
406997
479957
374720
460024
405775
418437
431821
282035
351460
378236
339988
437109
423988
420622
301337
473309
445954
337170
390051
399404
436391
316029
455839
461053
443297
396371
313943
462677
455551
419303
324849
473165
460793
379149
435577
467342
470114
472035
417678
417320
419479
395991
408648
419430
408266
384680
390062
340442
460557
393345
450932
274857
464889
14564
432130
419680
370663
395992
415842
298250
440021
391713
435601
485337
295693
401104
484886
437311
433950
345915
463906
293768
438551
437103
289222
137116
428446
412105
466190
432985
445962
484510
476273
447185
324542
445993
433128
431112
397722
417870
339692
55341
428292
464742
410554
440596
268531
397415
699570
433498
479718
434203
95608
423087
390054
449132
383785
332283
257785
413998
324786
209112
372058
284052
271110
293660
396535
313297
378064
372519
259693
366170
379291
381749
409502
335797
348893
316727
410974
140300
296096
271969
291805
297761
246655
374205
339984
381288
343611
335778
396557
269149
347126
453071
346685
310119
283366
259316
375794
351819
325789
403310
424632
283378
291870
405882
382190
333386
283552
302946
136799
397517
345920
375315
278154
393003
278924
43074
412727
267935
346672
390734
318850
68735
360029
412605
184341
68730
346651
363676
377690
410129
330459
311324
408194
397243
223702
412519
377263
153518
346658
300671
315011
333484
390512
314095
340676
299687
369552
410718
329865
362584
340487
308531
412383
345923
456403
127380
382322
720998
302699
432300
310888
258489
205584
274870
391757
47933
278927
267860
310307
378108
121856
353074
411088
407655
351454
346354
416369
262504
207932
377897
302401
58431
381284
369299
338189
366924
188927
376867
364223
334541
366080
313369
375366
472516
401043
342473
286567
377670
376290
374195
241259
332210
402331
300669
347033
415214
289269
283591
413543
393457
410117
332567
385736
324668
393765
328387
351211
420634
408543
290595
421313
300673
431742
345009
359628
259694
325133
271706
402298
379170
340945
375846
308266
277834
334543
387893
387805
360249
384737
392536
374853
429101
376866
413388
375533
328111
323675
296524
326285
339419
374617
394684
420260
397873
399612
347201
303857
295830
340382
99861
359983
216015
347548
214756
332356
323027
168259
135397
254128
297556
87101
294254
249070
282070
281957
102899
150540
350499
76341
140607
263472
307081
105864
318256
326359
312221
262500
198184
228161
342588
76757
365222
257344
159824
309425
343795
150689
333596
323272
337719
311056
286217
254470
280092
265208
258509
321528
131634
181283
228165
357096
166424
339060
347969
277217
273481
310131
323660
257088
158852
206647
177677
253412
274854
364111
325358
201088
256591
315465
256040
211672
361931
290764
192141
339530
218275
328251
350640
351694
328739
328426
277216
243688
273477
227973
241554
293863
271718
373879
370455
300803
241251
355111
257445
228066
354857
349176
339527
323372
318846
274167
227719
382517
319075
264644
257211
238713
273248
210860
331781
324558
401609
272878
347754
301351
361380
203801
286565
252838
329289
228205
287948
334298
94365
256961
326215
157544
359246
351964
334527
277685
357390
296917
356057
296099
264419
312793
300168
316322
146301
299245
334074
346808
283445
276907
390845
228968
57876
287903
201085
307663
309809
336560
325348
243940
264660
287424
349158
369892
276624
347849
238615
329540
205775
336882
333622
367326
299824
321494
240483
796115
353595
360605
261023
307479
302429
272693
317952
347158
375509
347688
322456
358632
335462
326284
275601
290637
257091
264999
327418
188222
338676
336004
339158
124905
317442
227348
198663
147441
280002
157336
235260
265712
122917
177572
217993
270946
260346
453831
228150
98566
102651
156022
100402
82702
245891
238636
86834
131631
102382
240832
207703
184345
225886
127585
91314
68737
184315
285812
282069
119450
53182
185341
210577
250546
232672
228326
256274
172385
287590
190859
249660
136797
244786
242828
251768
251519
242643
118340
200727
193893
205596
236751
157350
270303
301872
138103
242582
189
257475
136835
222935
137113
82703
259072
169917
218043
207933
258893
100042
297270
242512
448441
255718
289720
298115
137106
284289
798711
292177
112454
175112
116149
181533
270771
254904
302666
249164
291348
97020
297608
154400
227159
188161
256835
291167
195589
243683
283727
226448
187017
254473
228967
170522
317960
119892
487186
120467
270938
242224
184346
242310
241863
171274
284274
216282
284427
327833
277547
206487
284995
72784
257346
240341
325231
312526
283317
277806
241848
277597
326947
297961
239563
137094
284303
239571
225574
235271
277355
194662
196867
258193
218836
180299
287233
241239
79316
49017
126172
268690
256474
144336
262543
261103
203739
100241
259910
288158
254474
227306
286548
205587
266856
265195
227783
392216
283564
214314
303903
193610
221731
82657
137321
290271
282813
273511
204436
279254
253295
260372
259611
203834
244506
124470
283686
170687
157353
213927
301056
303542
115290
262338
49519
138843
109445
106646
227859
183011
68726
68721
109439
76338
49521
126963
158015
75656
204082
200085
139038
72190
62211
166666
179538
109418
93456
81005
57158
199153
116711
192577
133805
4258
110415
91586
109451
218454
207768
60304
224903
204342
142061
624956
149870
132232
242546
80274
76617
198375
68724
122906
655818
82700
179826
101299
168903
87421
117263
117251
44865
107846
123553
134374
239523
75612
207883
109428
59859
214553
182026
77951
152601
138832
166076
54138
164558
149509
211755
64686
72710
144288
206284
153158
158011
171424
57201
77931
249397
209964
136418
196254
167032
161143
193756
68728
146233
156717
219247
203696
110552
109414
119283
169934
77805
225145
150202
136795
246790
151960
47964
192160
146216
72559
199890
257874
64682
49524
201676
96721
284019
177888
49047
77950
175574
107985
136400
157547
171581
212167
196761
184314
202575
233063
268092
98357
198277
78383
70074
227707
138697
112205
153509
381696
220289
271954
82654
178682
209244
169209
254732
159092
172391
145135
116745
239529
265329
109424
174772
227679
173185
297676
76203
211387
193613
205724
76285
216539
222724
220845
224334
199373
111969
152532
211954
152259
239459
532905
209901
225745
230896
205126
97370
87436
146203
135309
76640
229408
180147
109491
134411
112949
245917
212153
169881
143049
109417
157058
109443
146239
235704
181886
87516
24428
76589
118406
57214
105965
82690
50620
70981
62177
49051
80321
72105
87827
1930
76492
49026
57800
68718
176983
123025
125509
81188
109689
133121
82675
57165
129533
109520
71552
91342
126337
72331
76489
49529
181656
82507
75780
22970
75258
160642
87428
37724
84892
41154
127533
93856
72545
110420
225832
76163
72387
76487
52520
73723
80280
187257
44833
128246
77174
75629
76726
198901
81796
70160
77016
139567
119569
49040
62214
61012
129743
114150
58595
101267
94329
119698
64688
80278
96826
119448
44667
85446
121734
64635
96724
62213
82881
118737
98022
82990
114478
76493
83201
393135
78049
81900
72431
122857
82693
60747
72570
84348
83542
71668
10679
49049
134366
59962
114606
80035
93837
77877
134126
59967
79548
70667
113988
87826
68734
132137
77883
82695
201223
79694
80389
84199
82390
82650
65086
77866
115084
171823
119278
77948
97630
150213
58244
104755
151535
133931
127493
82633
98567
134597
68722
95754
127521
68179
86597
134375
98948
104859
84174
119321
49527
115929
135354
72976
46429
70436
151870
381693
72358
127372
82525
80271
103620
50647
115210
86703
51996
78215
76494
84383
50497
75638
85373
84575
68812
167313
100183
83666
84334
136735
114955
86838
38541
81836
62764
87496
118612
89492
127544
84354
82505
87825
59961
75624
65291
12445
1771
10195
49013
45243
1865
50619
49444
65650
46195
49530
39254
75174
73456
71672
483898
55301
72571
44912
57737
44896
77338
74997
55779
61791
39538
71676
72213
39513
59440
137227
58574
79082
77459
56292
50546
23629
78192
75735
45772
63311
41630
116322
56288
189349
41513
57089
50646
37430
49849
70006
65759
46529
71670
62835
86331
417859
38321
64328
41446
86130
27582
63197
44943
51876
51828
48171
50544
50359
120475
51481
77499
91417
17578
58233
38322
47327
57212
49730
58231
64690
23047
176812
402200
79379
50014
84228
45610
55846
37958
59115
77495
45612
71880
59860
166268
80184
414419
49520
60935
54540
698940
74018
83899
71689
63710
59108
44826
50321
49021
48138
79218
51540
62206
37686
67900
60307
43959
88557
38317
51052
179923
212193
65851
74406
406437
115223
68817
50838
80518
75948
79516
65055
65754
58224
77949
52451
76122
84226
51248
59436
51162
79707
49022
48988
59965
88508
56590
48340
49012
74465
74513
70584
65599
74135
76025
55721
73499
69735
70670
74523
60308
50698
70578
71469
40805
73530
50357
74998
100271
60405
54271
54597
90232
67675
70575
70338
56906
50839
76535
38684
627394
57718
79224
38050
54445
51588
58151
74308
62838
72744
75198
49517
60803
50725
83389
45156
12444
50723
10138
61979
38757
10193
10192
22894
24021
59429
27205
10191
49018
38365
44874
20352
30061
23168
40662
43947
38234
38575
43347
34134
38055
45162
32657
41439
40170
18823
12155
43641
34851
52629
47533
11324
30675
27578
10140
34583
44918
23437
39691
43593
399897
44214
10196
45752
22538
23483
7978
20533
37786
51620
37799
44115
111332
73245
42941
29427
41402
31967
41233
20526
34544
41733
35019
46441
118301
43949
16290
44683
73861
51739
89636
375848
44048
43539
609197
39957
37645
27576
40264
26022
34813
35690
42194
42684
27022
54897
32916
44363
46261
47626
38408
37056
20504
41216
9543
41436
37821
20662
38167
46332
33217
38579
38745
50087
573531
37710
37834
22971
34016
23023
35558
32856
46528
25195
33555
41515
29426
37950
37757
36736
44244
27581
44571
23169
44040
46146
41592
23631
39451
41210
50337
51170
38358
40205
47931
45269
26389
43549
29564
45662
37735
41283
315620
22907
54553
47407
44037
241829
46705
39486
27573
52274
23048
41505
47386
38303
63700
23172
33473
46304
51608
39514
48186
44982
56743
43919
23742
38961
42297
12685
22972
35056
52454
45317
43209
12201
44639
50393
43923
38363
67203
23830
56832
70076
46718
234284
38843
43552
72013
49797
31867
35169
45839
46020
19995
8355
767
14836
18785
17445
36728
23823
14160
16523
13183
22855
23827
10198
18239
61927
23398
37169
22794
16577
19908
25642
22881
12244
15512
14164
19912
16871
26123
28874
699249
23566
22832
21208
14161
534
13448
22804
16418
16869
22803
22683
19994
51880
10528
28178
13811
15092
50300
13788
10664
18240
13207
25769
22843
17979
93127
30431
26736
24528
40700
14869
7980
13475
23452
22164
17654
22824
16866
25475
19913
19543
10315
12437
24418
41498
19899
39057
14254
176241
39319
24150
28355
34480
18126
15359
16996
18360
25472
19556
50388
36419
11322
19901
31011
29963
37707
25602
21407
20943
1977
45781
12403
19840
20048
114703
16325
28510
19458
24420
13455
38410
18405
26466
16985
17532
18501
10521
38842
19585
20441
20453
15060
22954
24056
14435
29917
22620
17609
10184
18781
16390
21191
26390
25754
14711
19918
23367
17618
11699
17134
14560
24001
16995
19904
18374
14912
18320
7445
13836
68555
14410
27310
33273
14979
17431
14028
15159
20766
23049
17610
26688
4597
23903
25643
19898
20606
124305
37565
17911
53985
18247
23488
20829
77974
19794
26583
40534
22897
30685
105077
38780
25196
12556
18162
28211
40171
16258
28739
32985
15268
22949
19265
16558
23568
24122
8316
12429
14248
14405
14011
1726
9502
8966
17581
155
7278
1724
13688
8456
2454
13053
8681
7555
10681
14574
10527
14438
4564
8645
18198
16000
7191
14613
13510
20789
11917
8247
4922
13004
9539
38594
10483
119368
12180
12222
19173
13523
13387
10661
448341
16353
11887
14863
20329
15157
10358
2309
13515
1735
8960
10764
13190
10201
14756
12405
13459
8055
77248
8065
10200
217
8328
8204
17165
11253
88751
10665
1729
24948
11260
7840
12903
13179
44731
13648
7446
9030
14092
13009
13851
2253
3580
11321
12162
10529
11127
13460
11918
13690
13655
8909
8848
15898
13486
33871
10885
13056
29896
7459
13253
14326
14306
4148
9029
13001
9870
13012
29751
8676
12889
8457
12184
42384
13027
12914
13596
1266
62459
6972
8285
13812
13805
13335
17606
47292
13051
8836
13184
13809
4944
13223
6933
11631
15854
11152
13255
11665
25329
13971
10202
13955
13150
7461
10189
12182
11802
8942
15616
186579
14452
13490
63193
12572
16611
6557
13944
14745
12085
14059
13972
5038
32790
11499
21922
12192
12783
32219
13493
12113
15531
15641
13003
10139
22371
317190
255577
8090
13018
13401
7735
24411
15262
39038
15706
10188
34482
13389
13600
463434
13827
15544
20036
10186
10488
20982
13640
675
2062
35
559
285
6477
810
13186
13474
6479
13078
5559
663
8329
440
1267
16119
13283
14001
6145
4523
8277
1271
1250
8363
1691
9757
1620
15137
6537
38057
52795
38142
36202
1265
16962
14624
13647
46169
13649
1562
5174
51482
5876
17097
7183
13354
15403
4513
2082
7347
13394
9793
1979
13680
1931
1571
7485
15212
3594
17101
1646
13885
1992
25278
14636
23202
13161
29826
16221
25961
5123
2698
1738
54318
6977
19580
1949
2503
114372
40713
1273
1991
2335
298
4982
4858
4141
4638
6023
13363
6639
2270
10294
4347
6637
13564
205567
14158
9760
4964
9966
17038
2268
8271
11835
10431
4283
10030
3563
11199
28602
14830
3021
13483
18467
6589
13980
7249
7350
1272
9408
11172
9703
2310
4413
7972
1268
5176
13173
5915
2312
18116
37122
9815
4787
6973
2977
4349
5708
2976
14424
1683
17305
333941
8461
18093
38051
7326
9963
13337
7345
14043
4538
13360
10172
7508
1534
14148
6309
4688
46219
16516
5393
6022
20411
1950
13958
17456
4512
16392
4771
14211
2959
14547
42979
12435
16460
13195
3432
4351
3902
5375
1257
4517
6575
13159
15019
14123
13079
8272
18443
17306
19344
15071
39961
9948
58
9904
950
1579
13002
18861
13285
920
18925
9297
16304
205081
10010
214
9792
8275
9286
350
4257
15255
21705
9836
588
36557
12225
1690
1417
591
10781
1427
49757
14609
1255
956
25565
1124
10947
9353
1372
16237
2447
16007
14611
13205
834
1422
752
10073
31170
1975
9762
7518
3093
14069
1402
1593
1246
10069
9906
9655
11565
9513
9072
10007
9339
11619
4643
1452
13355
806
14191
7484
43960
15575
2044
1948
9036
2486
388
9907
16761
2179
16140
8975
21316
9693
9592
496
9035
1381
3602
1581
12795
14113
44730
61717
8997
9957
7549
1491
326
9986
12094
624479
7551
503
6877
10085
512
9767
9788
7516
9766
9975
12096
14012
11908
16808
11494
1887
109080
15590
12763
9954
9293
82
13668
60293
7985
1852
11652
9756
9992
24676
13689
5820
4474
14620
1378
9053
7512
10025
9753
50126
10053
24624
9664
3603
9978
282758
9920
1440
4977
7457
1251
19595
37924
10118
2207
16781
10111
9726
6948
1164
18843
13364
11170
31933
14219
9682
10854
9676
9952
37725
2269
9530
9784
63963
9900
10005
10250
7304
1819
1969
137773
3683
37933
10067
17379
13185
13767
14458
37609
9903
14505
1730
1523
4723
9697
254
674
118
42246
3933
10012
953
411
14199
561
272
215
15906
74078
8274
16910
4348
1895
24615
245992
10066
10065
6795
20558
9291
10214
4442
8982
11283
9928
8643
7182
11648
20760
787
14003
10320
27812
7214
9335
142
21481
1830
74
11459
9738
11679
187
25
11451
10022
9982
12700
44729
8999
9763
42968
30623
1904
100065
13417
10292
647
8488
10060
11453
10810
1635
11096
8814
9392
10040
6439
1640
20077
1656
11968
1495
10070
12142
15276
2313
12699
4379
1544
10579
9913
7453
11683
6957
15657
13374
11637
14174
21078
8202
2026
9641
1285
34067
11354
533
18882
7552
91250
24556
921
9947
6519
4551
8978
25145
5289
791
15487
30178
12228
13682
10982
24935
9009
14175
10851
8923
28512
7364
10048
72448
9522
15648
59
8292
6961
65215
10033
14177
2652
1696
9912
179
17455
18189
20604
8976
9042
9007
10027
7233
3291
7295
16456
7870
13461
9721
13499
20215
9910
168705
13994
69
5236
17186
13498
6473
20771
17124
55929
398
39850
40728
27902
501
116
44732
30238
7515
10077
9687
11804
1833
11931
19592
5471
9724
24939
257
1546
747145
11344
10258
13222
9701
504175
9005
1985
9813
14695
31046
615
50253
673
809
8920
9806
15165
11836
176
10555
24593
11430
11249
12153
12242
518244
14442
16907
4935
11024
20544
652
1970
38
5255
10625
924
13700
444308
11036
9470
395
1954
11237
17111
9509
10591
163
393
7131
44728
83
1487
2048
11052
558
11247
2502
33645
747
36648
9711
10096
1824
15859
1538
11026
11045
27
9477
1586
435
2059
7220
435365
32528
2567
56903
594
21385
314
1280
6947
14114
10718
21301
10361
10304
34297
11130
1577
15767
79026
8699
60672
34065
34942
20941
693
9472
12657
4599
205
866
12902
9801
8953
10677
70
1966
11358
438
16617
34672
2023
5966
11774
97146
20921
12140
1677
17047
2288
4553
73353
16394
2539
844
19084
14024
10589
5460
11413
13378
14883
10145
11132
11540
11169
14172
57825
11636
14623
4836
13969
9541
9759
540
11025
115626
10891
5137
7092
10762
11137
11081
10204
14844
76180
29979
16764
9352
36086
34308
10733
9384
397867
16791
8849
12583
13572
613
33641
1599
12648
10710
10367
11058
13505
9893
23056
4380
1777
13476
13073
11208
78520
13702
15775
9833
9890
8193
11588
18804
12877
11184
58508
34560
10742
11866
36272
11217
14337
9953
9675
1901
5516
842
2789
122
12
12279
22
10009
81946
10588
20222
13654
9902
15016
5653
9358
14411
604
6466
9373
1927
98613
8961
4256
24
605
410685
19288
310
11351
8698
55931
21956
4552
8273
277
296
616
6171
9471
9480
63404
4970
9567
9316
44727
670
246355
9654
10601
10715
10727
10632
153
2662
14873
508
9616
20
10028
10756
322
587
9257
2832
33005
10610
1584
2334
10330
10327
9486
70844
10923
8965
9341
10628
10623
10159
36218
21683
9506
1278
11423
164797
10578
34295
10735
15567
11007
504
11078
11635
18736
8409
8619
2055
1428
17473
12253
30074
20694
11023
19277
9620
9562
2116
1647
6038
26264
2830
10719
10934
51786
8696
21542
9499
17403
12090
3635
9919
2289
39469
13920
12767
24554
13411
30806
10152
8046
27387
21525
10708
9776
883
6964
1996
13370
18248
11429
32293
18087
500713
41754
24477
10720
7288
18113
11375
44899
22309
1807
9582
14527
11197
2771
64609
5146
12146
13691
9282
11059
553
4997
12777
33932
36401
10105
10226
481031
2260
13819
25988
11817
11523
10782
2577
30141
11615
11820
16175
24794
25523
10743
11329
19325
1792
13398
10929
10744
1550
11420
24982
12698
21544
20210
14576
4612
13778
14926
10678
10629
13156
672
9023
425
7342
557
121
11544
9637
9488
10229
15015
14128
9016
65
170
15070
9645
10996
608
1894
2501
11852
14317
12448
640
565
423
8665
4108
10590
12536
12636
598
36586
9012
2251
38157
21972
11362
11442
9334
7451
1576
36669
3131
15370
1957
79
2135
33875
11891
8869
14787
979
11870
25853
39862
13497
201
11979
25913
180
10771
818
13830
13683
4614
11246
18015
2675
12100
7090
8470
7299
7303
59387
10985
11547
10611
1574
17710
2022
44725
11529
22537
9557
6278
10375
16690
10592
9689
11560
1360
10605
13376
34081
10133
10426
4147
11013
25556
4547
2899
10052
2637
11812
14365
13768
9573
11452
17774
15028
320
51822
11892
8346
30072
8427
13098
17130
14008
9093
10550
9884
49872
9544
16318
2642
1430
15186
39227
20616
13950
9034
10726
11056
1429
35696
9266
12771
1817
10167
21518
9021
11888
13437
15173
21189
13201
9039
20009
13441
13440
4912
8051
2750
6020
12779
9296
11838
3132
21597
64
11458
9583
33320
14348
10894
12770
62670
16643
17187
16077
5851
16857
437
49635
9027
28486
29339
16028
13908
9962
1537
16636
44635
9932
13706
19496
245
47354
2755
19058
14112
4911
15647
12277
28594
11022
2103
671
808
585
120
10054
129
300386
15167
4248
162092
9378
8922
853
766680
2770
676
10992
11770
11470
15601
34004
1734
11397
1364
452006
869
855
5175
768
10865
10950
141
8835
161
1995
9880
2034
1791
9606
10866
23446
1933
11467
5852
453
1018
251799
10833
10706
9816
634
11178
28635
644
2140
10796
194
401773
4133
9889
12610
9397
9476
1391
11090
10829
18269
12658
1535
2057
9778
2043
37632
25753
10808
824
36243
10016
24478
12589
9696
42360
2018
1903
2100
2176
11299
9705
12149
14543
11845
10477
1999
9398
10878
2114
12484
8007
28308
17612
12138
9517
11380
36897
5279
10877
57047
65364
41268
12508
53501
23685
9428
9290
10491
1365
6073
12103
10956
16300
10050
11088
13496
37254
13503
20857
19405
16723
9896
10646
25587
34549
14369
13403
7501
11371
11456
9081
10972
56715
65869
10984
10778
14033
39180
19366
50562
12600
36269
1722
11370
9989
20755
1436
2110
54491
11091
10696
14034
570
16161
228088
441
24940
6440
21448
2779
12312
2144
9683
11065
26602
11232
167
8386
16550
2171
74236
1921
11826
5955
2084
24936
47388
31002
11889
11469
13166
2749
4965
20794
17007
10596
15745
17708
5764
10691
9991
16229
32593
16366
10567
11688
8871
4247
2123
10501
9532
955
98
7443
16234
9678
9741
30628
24100
8358
9679
9383
77
18011
11531
447399
11978
10637
1359
10577
11678
3981
19576
2085
4327
15653
2332
10991
2024
10867
9600
15999
843
889
107
55
4226
12212
71618
20455
9871
4234
6282
786
5458
10393
146
1597
11983
10479
2655
2133
2069
10560
1900
20410
919
8584
1493
37588
3536
40466
10471
10481
2067
48246
22705
12597
479
16
2046
392
8452
9285
1636
462
4244
15655
243
20770
10461
1907
11119
10383
5994
11004
10385
9456
58433
6521
12211
34729
2707
8843
10647
16340
7450
1588
12107
10876
14181
13785
16187
11849
25128
10685
36968
4967
2155
10035
134
17711
9011
10571
10384
8870
10391
10480
60670
10429
18074
14295
10862
21355
44853
5551
3176
29076
11398
10472
16990
8859
37302
14736
11478
5833
10763
10559
20697
13539
24476
3134
13526
29572
711
7290
10641
21991
37722
9791
1831
5001
24102
41275
10597
10468
10564
11973
12619
55888
10783
19457
14805
70121
2621
10642
31352
16222
30944
10687
10473
50477
10562
19214
2440
71
41282
14195
10569
14629
19348
20677
22597
10416
28031
292030
37987
5491
15489
16888
1619
4958
863
128748
10386
37135
2105
603
497
10137
550
10047
4951
2331
1893
564
12594
745
796
2668
71186
2667
9473
12599
26338
10307
345
9481
11618
8487
817
8914
9423
509
9946
422585
14
11377
10908
17681
1911
12095
913
3558
4806
10402
10400
2112
10366
9032
1832
1641
9669
64202
10398
334
91017
11001
1542
492
1844
7341
2277
10643
6522
36643
9451
9563
11601
14429
8224
10951
8374
11622
9825
2700
3126
6552
226
10207
332
12596
10314
9535
6415
10208
12485
54004
11355
9430
97787
14709
9684
9465
16379
10279
1443
622
30923
10212
10210
9008
404
10490
18892
2900
4291
9455
2020
11075
26177
926
9564
11353
41586
5470
1073
22345
378240
16112
482118
1090
2275
10397
25752
13466
32874
1946
15556
99
11129
10496
10154
24137
10563
21349
10213
45712
10354
9781
11374
18212
12220
9824
36251
15400
49948
37718
8649
17707
10399
31582
15198
12524
4816
39964
10355
2290
1715
815
823
16172
14005
2162
10390
12618
10381
3293
28902
8970
10368
18417
16162
24071
19594
46435
10350
1850
9849
20024
10388
10219
12117
24020
17263
22314
38809
16158
14242
27653
26149
14578
20067
13787
16508
12479
1439
10342
30943
18621
17709
15059
929
9820
10674
9732
9487
9837
18937
13761
11932
14444
857
36647
37165
2109
95
73
10216
105444
9320
13151
11252
2330
8916
11808
115
1878
2666
54270
10228
944
3600
8697
739936
9441
9276
12159
11551
8741
6068
9798
9877
9457
20235
1389
297
2157
3050
9342
8838
9945
17074
1965
9882
36568
11675
795
10153
9440
11003
25751
846
15805
9447
24584
9425
617
10376
9631
9454
10220
544
6058
31473
1934
9411
10663
11258
8688
3682
326745
10215
18316
117874
6435
9313
8195
9490
17915
8583
50124
9429
200
4518
473
9464
2671
11568
8656
9458
547
9827
14533
9822
9422
9417
32302
12488
4415
16146
14342
15037
9844
11702
22797
17127
10683
19848
2657
10312
248513
3513
16129
20182
17337
37498
28302
9745
156659
452
825
9424
26269
26598
6396
9452
9421
9448
33719
10223
9469
9445
11508
39345
11855
53113
16148
9489
1808
33271
12538
666
9715
10668
10353
9771
104
11545
10029
9835
10278
3033
27850
9713
45242
9466
31220
39437
14577
43913
24746
10616
26618
12706
17941
17539
8129
31662
24793
21661
33201
100
35680
21348
14283
77469
22318
56195
9410
15513
14013
16980
309
4927
104846
40688
29812
13935
11854
597
11970
18095
9444
9769
16052
9823
18491
128
637
21334
163394
607
18
8078
563
18519
415
489
686
9360
1624
4233
1813
8413
10494
9714
2163
21832
816
4961
714
2649
3597
10603
9366
2734
9772
1701
13313
782
754
4824
18222
9406
9619
184
6499
10336
11015
29911
4995
2058
9092
6283
2118
9437
8874
14817
14289
9405
4477
68924
6072
638
2142
2898
6116
66
431
17894
27318
10155
4421
54113
8860
10357
11419
9407
1281
978
24662
9622
9956
58430
9433
9415
10217
1639
32643
9574
8834
10622
9449
17834
12723
8675
10371
6623
9434
39346
20737
11365
18415
9054
9845
34314
9416
9446
2639
2255
10234
12489
9922
1902
54007
11975
39977
11676
26689
10806
10003
586
19601
37793
9746
45609
38286
1968
26180
8067
12616
18329
9413
19165
9611
13929
10351
21915
14398
32456
34309
9311
15170
43629
49146
17832
12219
36797
14903
14330
42884
50512
9438
90724
9403
14585
11425
22073
267
13852
9770
11210
17770
10871
12499
40147
29083
1811
2212
14908
25571
2895
10620
8197
17949
50850
38295
26215
39780
8854
36606
17589
49478
18167
79738
45153
18355
19850
38275
25624
30020
12238
37410
36807
46625
26580
12145
5910
11674
9431
954
10545
10607
106164
19287
11238
33660
4232
602
9100
2300
10830
1645
884
39148
755
819
20762
664
10861
275
627
9802
11069
409
18220
25750
454
75
1592
10779
9208
9268
10684
9879
8840
9614
10680
11867
7300
2320
3595
9103
3573
18975
9390
9327
10586
69945
199
25087
47333
10280
9566
19042
9894
10723
9299
36344
9536
9401
3179
15674
25059
11076
9333
8766
11062
9404
11228
11412
17414
9101
26949
12123
6346
2925
10546
30926
10535
32686
8052
12254
7863
9099
7095
9625
36355
9279
145
10938
9568
10061
58770
10547
25189
40001
11112
28005
1770
49763
9460
8818
9826
17182
10988
11159
9306
11306
3587
19164
9716
125521
2928
1630
9819
549
9302
11525
42314
10543
12656
8744
9591
9095
43566
15691
36692
32308
58427
9308
51043
26748
10534
36758
9400
11446
9623
11962
10874
18550
11511
46063
10478
11363
12606
10549
220326
12531
20539
10960
9304
13891
8866
2074
12559
34170
23449
9294
13997
10990
19002
11543
9283
113175
61752
17795
38223
18203
20927
18555
36915
27770
13685
9303
11107
31640
10539
31908
32562
10218
11000
9450
46027
27845
12498
3065
16233
14469
23570
18862
42911
41843
27681
20759
21539
16299
11229
862
11359
2405
9312
95963
39107
39108
37797
10530
8839
807
9737
19286
81218
197
9323
9073
949
9348
63
1572
2719
10634
6950
9603
9273
629
16780
414
710
12106
9482
9070
19404
524
3512
18801
9804
397
9598
9560
10348
12110
10474
12122
8973
11008
11220
688
37141
21032
10987
13531
8844
11517
72886
4584
15789
11017
9909
577
12665
33542
8068
6715
9091
77169
9059
12554
28601
8012
451
9886
25749
5
76
568
19101
11862
10802
532
9344
10329
922
8963
6520
12520
33689
9691
12561
48287
10824
10533
18256
9061
11863
1408
12158
11860
25066
11448
36834
11861
48781
27098
15322
18402
10428
9087
9501
10149
2054
35645
14819
9090
11980
2293
21183
11859
423590
687
19004
9067
5894
27281
19326
11472
9102
18725
26441
9089
1710
9271
10722
281
20649
9382
406
11929
45325
55580
1642
11443
84060
13552
15602
54648
2086
11780
11902
38884
40490
400
18837
28460
1775
9066
47608
8512
31357
55676
37108
30765
56804
41841
28387
27985
29371
27526
48787
35196
9071
6071
31174
2654
26258
10858
17015
65796
10612
16295
10525
32646
116194
26271
18998
36259
2064
13559
48374
32631
25969
54433
46029
11381
43994
8391
36278
18392
8587
44251
39106
680
278
888
13
101
854
18009
15969
11231
1637
8467
9495
3049
10660
11011
36955
20726
11212
628
12207
2164
4476
15283
10897
9331
11104
2124
9587
11596
2636
11667
306
13962
9359
18885
8984
2712
9058
17809
712
241
14522
15997
9624
36593
2087
22586
11164
27066
11546
522
20156
11317
10395
12160
10447
15139
27793
8986
8831
37404
75826
8011
10635
8850
14425
11382
13595
11593
6280
18395
40508
35614
34750
11934
2436
46717
10879
3036
90148
11395
193
19092
24795
31586
10872
2292
12280
10731
13815
16139
16297
178
8987
6472
11067
9057
38940
17600
10467
30575
13701
4954
452200
109
24405
41387
35977
2759
22317
11592
11858
1909
28032
11310
12475
31439
19819
9905
3586
17585
91023
24925
14275
236
26564
10510
10694
34746
39466
10449
75834
10714
13351
10450
10448
40156
26352
12778
19176
21352
19855
40751
105397
75822
11010
26337
26203
41582
12613
15128
11450
83714
10531
57834
64084
50346
17745
11777
10464
48874
26261
378785
12635
11853
527
110
18069
14237
41579
24767
24070
23719
47504
50463
22059
10486
2788
11248
70811
35233
34444
4337
9369
46094
20678
17961
43643
1945
9287
34152
20306
10452
82386
125386
25284
55563
34433
39105
371370
9702
9479
11811
33408
424
1634
17189
28260
161822
10285
2019
39324
329
2758
5503
10423
10439
9255
788
652754
137
5550
6279
6593
10657
9739
9593
24126
4478
867
12139
14919
9607
6075
7305
10413
1587
2701
9800
11969
14282
9350
319
1499
9386
9571
864
695
6878
10057
9516
10438
37094
9272
37233
46828
21057
11236
531
9612
7984
11687
2088
14534
14291
18890
1607
11074
4104
10427
11198
7007
11528
9545
26333
18215
9024
15765
9559
71796
10442
4722
1644
10436
10349
13203
2625
15613
9644
33539
604028
10997
11101
858
10498
15797
2246
8291
35588
11982
2259
31642
11044
9944
1049
26127
11520
8873
10502
1245
713
21845
11566
23210
10655
26141
1413
2047
4916
9409
609488
25389
12661
41659
37100
11041
8092
10443
41759
62328
8005
41128
57789
22213
16437
6
507
17803
10440
11971
32049
10909
10419
10445
12187
17796
52315
50687
1689
18551
27885
19371
35610
19931
42580
45029
21450
39283
70133
28983
31578
2149
8223
12121
10942
12780
34024
83024
12574
10433
50536
27804
33519
26957
14832
15278
72557
31000
19552
34723
26672
2887
78133
32998
20339
17653
18942
8494
56149
1479
25684
128868
108
44435
47945
18190
62463
39104
39103
812
134162
500
364
6114
772
11621
8077
402
766
25748
299963
619
9349
11428
943
22582
2005
33
9361
10906
9529
11806
9264
9374
9869
11569
881
1923
10406
18764
10414
11087
16314
8845
11134
18722
8872
10435
763
16136
13199
11066
11259
14239
11158
9475
10403
12088
10497
4823
11287
18183
10538
9609
293
10377
11068
10412
13225
16562
28384
13006
10437
9876
1883
11782
2322
10608
14684
10206
460802
37753
9278
11012
716901
25095
27381
53064
14002
17494
675304
31962
16219
12518
10326
37021
9096
2687
9367
39465
13153
10163
61225
258680
41671
10699
5765
14603
13937
20676
8293
10410
19087
11597
10407
10411
26255
4507
22590
12525
12143
10424
11386
37527
10158
14361
20227
9300
18543
12772
19380
1492
37022
13823
18672
28762
36257
24230
9605
26670
2613
36351
23939
2007
19143
49292
27295
40649
12251
10409
10618
12395
40213
9504
121820
41769
5237
34490
10995
47821
30963
33305
20763
36288
15300
36616
35936
45030
21128
50327
2038
92371
22004
23196
41768
30785
27465
20811
39027
148991
37420
10086
34151
124902
30782
343693
47648
37264
110624
91403
417161
12629
34756
180576
203021
41670
23908
10241
45779
51806
11790
45006
55798
40082
38143
2731
24752
39102
10020
10380
879
11187
280
27769
650
9594
11284
9595
188403
19593
17792
36679
670892
16790
2907
4032
8367
37137
13154
13888
1089
50270
12702
2924
28597
1598
150028
1497
10537
10975
16270
9079
15080
10249
10333
11384
68810
1541
12227
49396
9585
14362
8010
22434
820
20096
11504
9319
10174
11894
21219
2453
1633
3784
10952
11521
7442
50507
20704
10617
290
177
16308
468
443129
11663
10261
31696
19065
1496
26956
1649
19200
21338
10404
2742
12627
11846
20421
34376
2107
4539
892
10750
13697
30815
12186
9292
11175
339
1406
17956
10337
25562
15413
31225
30840
1411
25598
39875
6524
274
27816
24734
11933
38251
17474
15026
45491
12647
131485
24993
13122
1483
2297
10276
36630
31154
1713
45145
11890
22828
16820
53287
2125
14667
9546
22423
27549
24331
11364
28859
1600
473793
233156
31544
32685
41805
2071
25221
40800
18971
53896
26850
28455
22466
15771
10804
1358
61802
56385
10379
11821
41784
6463
43648
47363
16096
15804
65374
20712
36421
63707
31633
26230
47090
31564
10341
108432
88818
5233
25330
16191
27994
44909
59058
92931
14022
40740
11498
21546
174
80357
103715
52660
58864
41804
36934
30694
50213
8222
28117
47620
13644
32221
47647
39100
39101
114
11186
169
19185
39323
162
10729
11587
1573
242
52304
769
1375
861
196
1669
9362
13995
11077
34636
25018
1498
251
581
17466
9399
928
9569
19158
10173
19086
10166
2291
9556
9586
9086
4587
1551
18311
14864
10847
483
9768
5549
379
1700
28761
41003
1727
2119
14249
27815
25528
9356
12651
53932
8428
19384
6723
8217
9322
10169
36843
17993
20481
40377
6393
18111
11595
20815
27274
16384
11856
31676
24016
11309
91612
22414
9558
38718
36094
29514
26914
530
10168
11060
5898
24249
37865
8592
11510
32043
26954
14931
28090
48747
10264
11005
41817
37291
11092
11630
27767
427910
39999
2612
21168
41823
10164
58553
22189
2565
32669
2990
41848
68895
10837
20701
41925
25831
9588
149851
10170
9548
6470
2891
9491
12157
18943
106958
254891
3101
41828
26612
12719
18129
23535
15389
25501
21433
9742
3072
95730
21811
1662
6488
31923
31597
51763
16094
74343
10485
65497
7974
64342
951
79509
11796
21344
11131
40729
40446
32924
24558
10917
229102
2154
46959
26936
59820
28340
22240
17009
12516
8996
118430
16814
679511
86094
31942
18767
18317
91217
39195
109394
51036
31598
24073
28339
7975
47869
11909
96635
41374
167252
2302
117342
11673
10144
16859
268
9972
89
10283
83088
18289
8913
28609
11361
165
207
15138
10495
2978
2756
11937
942
9354
9618
10344
10222
11895
2616
709
5825
10493
639
3064
10134
1648
9942
10142
10160
9494
2640
11185
4105
8491
9665
10835
8867
172
2604
11974
25756
19142
11497
403
19157
12521
5203
476
19124
26953
7452
925
31608
1412
6951
17362
28165
10161
2323
11157
17819
505
249
10345
4296
14372
5971
37606
15142
1552
2469
20006
27418
22611
12150
41428
11959
34312
25682
11342
22244
16269
14550
32761
11828
10860
2028
28169
11305
9085
28774
1779
19236
14621
11607
10875
39002
9686
53150
11562
20423
21512
66664
10551
13928
22102
31150
27461
14628
55377
238751
26883
31863
15618
11465
41946
10705
32261
38084
31674
31606
25199
41944
11352
10135
45225
86962
29185
32059
183
47070
37433
11718
47045
37713
55059
35038
14916
48624
41583
27607
8216
84071
2263
12774
11625
65157
19118
68884
1380
89444
71373
195752
92787
16182
30666
25074
31004
31583
28389
165401
35945
38545
37533
41244
11475
27916
48524
38043
4925
122863
25005
2199
135643
71072
12236
111605
56521
18683
32075
15433
67394
40364
21291
12622
39787
42709
64183
59585
20307
27307
55699
17190
37211
2383
9602
10585
149
11051
8392
1370
41965
4011
10281
66105
11357
83091
562
856
11082
351962
8337
11690
116776
9064
10131
10306
10127
37136
380
12233
9604
11216
11967
10141
5680
9395
12144
10753
9493
9599
11825
12120
847
10651
623
273653
2280
11966
27352
287
16296
9396
21733
10644
18086
24929
5241
2321
10396
26044
26515
175
29095
7520
9540
18214
11851
12710
7091
122401
15158
13192
12714
13554
859
31052
11054
14240
40820
24163
4203
15592
11503
3525
14506
11285
9647
13350
2617
18917
34311
10117
10130
9748
23752
15482
41966
24924
21362
11191
8740
14285
40095
14170
22478
19382
28176
24038
10126
20196
2
17006
11955
9717
12505
50560
27814
86680
14441
24679
31056
13927
59797
2210
26386
13704
223195
29154
19051
10675
11347
26603
18197
15267
35119
49365
109565
10128
25998
18509
26881
47817
4281
10001
26355
14911
264467
20443
2093
24739
1632
8463
36739
12582
34604
41875
30502
27390
10754
10132
9013
34014
34814
40168
128152
38500
90164
29787
141879
47818
49343
28800
26723
10868
24348
28173
17170
29739
38558
51321
36724
45129
38617
154738
264364
26172
20123
148654
27362
48457
33172
23521
38965
41956
31701
38950
181753
43645
47360
16157
31618
41952
600
106
83090
9003
765
941
88
5548
96
11411
10587
708
86330
39145
117
11879
580
957
865
2493
16288
10019
10998
2614
1825
118751
131726
746
801
16620
10673
36868
2609
8989
12919
31743
15785
17258
1547
10110
36914
6069
15582
378
11649
144
40724
21521
6917
10859
4918
12663
19345
11896
27764
10780
635
26263
73708
11548
26371
14367
16889
13509
8852
14671
45878
2039
21793
32076
746883
27786
204794
38921
19933
25678
12154
15143
30890
10072
27740
31650
28370
20115
26827
10937
11215
25318
11584
62185
39929
28264
24787
15677
10614
5709
13703
10081
25155
4639
14464
918
62132
13339
17159
10023
32054
10021
28605
24081
1786
18935
13446
14499
21299
11822
12476
4043
10083
15658
9964
22477
39074
22172
10652
12623
20287
12506
24341
13926
11496
27551
50719
60631
42012
51442
26719
19209
20043
36354
40634
10896
12626
20465
28368
37530
18410
52780
49964
32595
67307
34379
21453
39507
55539
12704
28070
49565
72565
48686
49038
40962
18305
42006
20242
26011
26675
46975
82085
17421
22500
11832
26156
17238
33851
30421
127
207192
4365
45716
11174
26677
38315
13247
14443
61777
19324
2115
116605
74747
27857
31945
40463
31700
39045
42010
39895
38312
36572
2608
31947
679
744
10225
9874
8856
119769
3980
792
10515
16337
576424
8009
6978
9426
11133
12118
39144
168
2605
1857
13597
9377
793
9994
20575
576135
10974
235
9671
2099
192
10068
12721
4978
15392
11416
12715
10945
10658
26789
18588
11415
10136
10015
10466
8388
15762
11028
16113
11522
12278
34223
19877
33061
10776
28941
204788
506759
24103
15698
9873
13715
15596
10122
24194
14510
27995
9980
10692
24913
10017
10013
17465
10002
13698
33516
9941
9542
12151
18169
4480
6106
5693
11120
11037
17994
21309
11986
14924
47951
11471
40760
9930
26554
13346
13818
27886
13925
11938
12662
18282
9710
11873
33278
5143
1554
4481
25438
11038
33055
26555
40342
11300
1890
31924
24086
13853
29968
2620
6174
83078
13766
169541
54898
51881
20874
24657
31909
11483
26447
8047
13511
20537
19975
30194
47822
10857
30653
26984
383
36349
40772
38313
85165
52886
31659
3
51940
68590
22976
58048
29355
24798
87083
50382
21332
52657
14670
44268
3934
38262
5735
25400
36677
55068
13841
10570
46836
41090
83105
34163
39932
23273
218338
37032
46948
20858
38343
21867
88625
81774
60800
30163
63510
29584
51743
26046
68171
9318
40224
30879
54953
227667
50524
26558
66194
67305
26725
43211
39256
105
1369
10925
9731
9340
1374
17898
10999
10014
10552
707
9355
11824
10157
2108
10957
11976
11645
11797
10372
23919
11418
42040
10303
9056
8879
17663
68
9626
9281
15196
11814
11557
11509
29794
24742
13155
9838
11954
11532
12500
873
9463
45408
26578
1694
25237
14370
10328
11864
12775
16248
606
49370
24735
526
18707
14029
24873
28410
8992
29161
18477
11018
8130
9080
15983
10843
11257
18502
17824
5683
12764
11703
10905
19259
11064
1816
19357
16263
11338
11893
2075
20721
12235
11177
8408
630639
92304
11830
13667
18252
27064
9749
8816
10849
35144
9872
19064
9846
595555
11904
18334
10044
294
24548
36073
20348
11243
10176
10295
8868
14750
10656
13764
54855
30069
21627
28676
25133
44825
27590
12615
52212
34322
36571
23614
14040
11240
13938
29903
50211
18763
10553
30577
67642
77850
22323
16082
44018
33078
73120
30723
58903
78159
15982
38310
210258
29631
24585
42044
6103
42033
40451
315357
24161
15916
107319
19014
29077
161704
71125
27223
57308
41166
31652
53157
29463
61991
19386
29263
52318
47908
19127
18493
169379
4180
2189
227688
164249
35201
42045
123047
47296
37929
33766
40411
445613
32387
326088
17790
40042
31462
125745
31600
36536
44191
34584
10823
218
9730
360789
377
1885
9651
87
620
81
9336
927
311
90
841
9326
9610
15144
1880
15379
11884
12309
1884
2619
9663
279
11205
1788
11507
11950
655
26522
18498
8764
11379
8833
15239
23730
11031
5968
11002
18462
4437
11221
625
11495
85509
19596
157
14132
44645
24264
9314
27171
24099
469
13820
2148
10606
14746
14052
23111
5896
11707
14347
52744
11296
11899
13924
271
28148
22160
15259
33914
28692
16551
26178
48677
19400
11308
100697
10179
13189
11368
11393
16969
1803
13681
2669
17835
9507
24128
11905
47638
10631
40814
19621
421467
40978
52109
38557
52736
13763
12762
15927
5677
27670
38285
27414
8221
15014
38986
14673
43967
24749
16806
31955
18446
14774
37296
32081
31043
40771
63360
53426
27244
42310
55976
71445
42394
10260
42094
84997
17464
31601
77673
26889
25010
42098
47874
91767
472797
47359
31939
32728
77168
91556
84116
33138
112702
27102
48733
359878
21871
30231
52778
44772
47825
70929
32334
31263
72664
40837
40775
165108
353791
57565
9063
83180
38980
130402
77985
76172
18680
41089
4274
40026
242868
255671
54752
28054
21989
30996
24453
59040
69343
30649
28867
87909
161699
47107
50215
91110
85145
159324
155688
678108
56821
47894
111
150023
450873
1892
10489
9531
8769
700
17692
11153
535
1621
10576
19698
25539
21519
849
227
6341
36670
36576
11336
18587
860
27214
10650
13633
2193
13567
18835
15035
9041
9549
837
14813
12502
11654
28468
11591
21500
850
1058
14854
92060
9346
11050
9967
232
11235
13105
15120
26978
10269
10805
80607
11030
15050
26285
11609
4543
32644
28466
26198
48769
8289
18391
8220
18172
12560
10831
12239
11948
21148
22998
11616
24808
673900
7012
98012
12695
50572
12504
12633
15301
17386
42112
14087
47892
12503
19053
42114
38291
42113
70084
10293
67087
14280
348697
77074
10484
26452
44691
40059
24772
1394
30707
15895
12921
46556
43559
24883
11417
1563
17381
52166
33676
21721
48151
118106
42121
39005
27323
45233
272023
15251
47808
58833
64504
52557
6030
187055
23807
29600
24926
185689
71055
37227
85204
39164
27679
23587
19258
147576
58843
37777
2282
87852
19606
18406
55493
38923
19184
42108
19809
18912
2455
36220
4288
90104
42122
44859
29140
25164
34759
108563
23096
47944
42076
31944
71016
54156
37943
71630
508955
48139
35834
70500
75996
60288
21356
33356
1793
23143
119595
55819
59037
56784
42442
38425
35432
19035
15494
35795
17922
54127
77060
127129
30927
38155
124721
1368
1091
78
9728
10676
1371
601
609
16235
17918
16281
9387
97
783
9037
150
13342
16441
31646
2665
40229
11340
39230
8288
154
335390
12104
47886
27088
23942
15764
27475
9699
40952
30874
2623
9442
16407
24740
14373
15739
46522
54989
27813
6217
23805
11541
10150
27726
11704
11915
9576
47955
27273
5961
17590
30060
14742
48311
11314
23943
15600
49398
42251
81850
11564
31661
10724
22023
16363
29702
37917
13776
12614
11639
19415
26730
24266
13945
25834
14645
42135
4193
37501
27150
20197
11307
24226
9343
19322
262
184004
37935
47947
58083
31858
42124
34697
67740
38289
40219
51925
4483
24160
32085
46885
27380
37768
54116
45962
66183
38271
71524
13396
28940
171
22501
3526
27016
21158
21125
11949
31044
83412
80385
11614
85197
72215
2262
5972
30038
450852
33374
79319
536399
32048
79008
42101
27348
49332
8219
4202
29743
4628
39899
32065
47245
45329
62029
201434
52702
76395
63460
10275
41291
27332
128735
81001
3679
28307
32202
69870
39382
89571
48249
25001
54803
56158
24745
32014
17132
30168
210092
86205
46925
79257
86404
85194
34506
113464
3028
128848
160715
81887
67772
41760
45840
54868
47878
85192
72340
59738
26639
14272
59871
54498
41378
22765
89710
14243
10948
197158
300368
764
85
9725
106758
533438
8810
19114
11298
10246
814
11027
41280
1103
10323
11281
387
699
39228
19429
11827
11286
30789
11527
10156
22171
36819
39229
21874
47957
10890
44247
21484
26325
24124
10768
62204
39874
28893
13665
9443
12537
14412
11644
41394
28794
14900
17360
9538
342213
6399
33016
848
28377
24274
9589
37775
18254
9317
25468
11816
35797
30931
26843
10863
19507
20075
10540
37936
15660
12528
40041
24634
19379
32077
29204
11646
48773
8691
4485
55538
18905
11524
64353
13555
27420
10627
21610
81529
32047
17450
10725
25566
19204
40469
35453
19123
27997
46364
39982
21764
54118
41407
24919
40084
11441
14269
43089
11911
26444
12472
53922
42337
12579
39868
26560
53179
21515
31593
162103
241939
2989
40368
47038
42148
35685
413932
46445
90730
91817
28440
23668
2264
26503
27145
22257
31074
14664
22167
42566
16471
27225
157286
84735
5062
85512
32480
42149
31679
63590
41610
107028
49802
125155
37490
21767
86285
118732
101974
13386
38665
110469
21137
58442
44936
19317
42146
40383
119928
77467
107430
37765
27566
1672
46223
3165
22385
54133
83329
35343
36133
75048
25773
155380
225938
47941
373663
85189
167262
86207
31361
124202
84254
60576
30709
39578
33721
93212
694
59315
4488
1891
8689
5689
288985
11542
813
8536
3604
8393
1578
11033
525
8738
790
11953
2768
11977
73134
20681
14475
1955
24575
33518
60816
19267
30924
19494
21866
16619
29343
11563
33076
11337
14807
1361
166
16769
14460
27958
36599
13550
1623
10765
27346
32030
16633
13005
38602
15668
17169
23954
21873
16127
13612
12129
11335
12705
24825
40969
31703
28124
39916
33214
3537
24920
21380
31972
11936
27230
10889
14729
17496
42160
16395
16121
10935
48301
44932
21629
10986
37997
28679
27458
1716
47942
5917
5424
37835
26179
40220
13783
19761
21970
8690
39176
26200
24260
6028
14929
11680
19664
36972
64789
18875
37843
7216
60194
315838
54287
41663
11767
15119
44789
8692
4499
15310
31086
16026
38699
11160
5922
41972
58706
65262
12541
37767
73354
69165
39913
18910
39543
31112
33155
22504
53950
75552
60175
38772
35101
38147
40932
11039
86499
11333
40742
28319
11684
21028
390253
367401
57949
31603
247426
41034
27059
40108
38539
225888
66597
85182
292824
50670
152423
210777
49069
40102
33670
32020
17909
40241
372753
25628
86149
13762
83857
113479
88410
109636
36460
3418
276530
7988
40034
85181
127746
77334
84362
84107
50934
22288
75808
242758
49375
83451
44963
47876
45139
348
9659
28
1367
30900
152
11449
6404
11474
9051
9453
698
15371
6471
10734
583
659
988
11176
1398
197467
24750
33521
12102
9031
30547
13570
29723
42172
96984
9638
28942
22984
11519
7219
696
19274
45964
14035
19827
163907
10516
40160
13553
9570
10322
11121
25476
10373
18966
31638
16323
20283
40842
17264
11145
17443
233
42170
167554
33258
5157
23957
511212
10792
16858
259
28981
10319
33831
46460
33701
85327
40420
26326
10912
26659
39771
31915
661
20007
10654
5425
34374
96424
40611
10770
21376
39867
85602
25264
197481
2036
42176
21887
118083
16972
244784
29942
38438
38082
155797
47906
39995
69403
118887
36079
26538
340540
90752
86938
50672
57926
31179
1732
18061
62001
37598
22328
219249
355992
51543
82430
28380
38629
354718
38293
22975
59181
33250
131194
84081
37938
235519
3013
30636
90879
21666
3786
77166
46124
266220
42211
20813
57572
93910
87895
98130
41554
31200
42165
57537
65156
18812
40246
67627
54013
39293
104912
16659
27937
259572
29786
193588
218296
165660
30066
75162
9640
40528
105326
266115
42178
42179
160405
212437
63274
148615
46578
337723
52546
65066
100205
86248
23819
84246
45169
40047
41456
119552
31551
99306
104866
47486
140648
89862
4706
54145
67976
1924
621
948
24831
123
195483
50468
11778
923
11230
13333
579
8469
10766
11837
26973
9584
25239
34193
18387
11223
23916
4192
225925
7010
79989
26550
15659
985
28932
15417
11850
265271
31657
6081
14822
15867
11327
46878
158618
12611
74849
12761
11183
11537
148980
11841
16241
11583
11455
86242
22311
2182
11623
82070
19378
29143
12185
16642
4484
16214
11530
17339
14839
13963
48131
27521
29817
23397
30143
41298
27495
24961
11144
35976
26686
12237
30117
35170
200991
49854
31948
14584
24998
47901
2153
22049
24153
42216
41317
66946
107008
10580
39704
16378
89858
28736
13481
27432
343203
31941
31542
36759
63435
40081
42202
34130
166680
54000
42207
197489
20863
40132
118547
35664
48282
25338
78376
45048
31428
42205
18867
34743
17874
148948
38826
113337
163631
111469
1815
50166
137458
18760
44698
4267
40060
50541
407742
38731
37672
28155
56132
39973
55457
144229
375728
29957
120386
41426
42201
29423
42701
11055
23739
111194
231188
17212
24429
77156
668819
39555
208492
60287
28381
4479
86185
156235
49096
42206
61864
27201
86182
47716
31412
268040
57578
337903
116760
101279
42215
102283
83172
39340
40980
106682
95752
85420
27211
121200
70349
58644
72412
94762
110090
114096
47956
42212
47850
168595
114542
11
11586
691
840
225914
11009
12707
11114
11906
340315
250480
7227
1362
11935
11319
5902
703
11006
29437
65294
105666
24655
14140
17689
5781
38985
26517
42229
12637
47914
42222
49126
12535
11222
50374
11689
33665
41662
615801
12262
10670
14741
25623
31037
18196
22815
46853
16220
26932
5205
49158
39412
28325
11598
28324
42542
29420
10839
97030
50183
11590
19067
11940
37258
19108
31139
11834
72277
42225
24109
83842
20416
633
47474
1421
27703
21948
56589
166890
26680
72694
24032
30315
50076
14262
26542
18775
3030
373675
158611
215861
42221
45004
40585
97697
33324
62752
11698
19050
28656
45579
54561
42231
38802
28746
61280
19731
42218
25388
106990
86651
69517
14336
22090
50435
37049
37749
42228
73475
27591
25763
14612
42217
338187
49353
4988
70638
142329
59068
22124
200639
82776
23312
74822
20553
222666
86727
48852
36879
77756
11291
31718
106876
31919
258599
67822
28682
80961
62433
85695
65272
32097
40231
20155
119170
54140
45795
284753
32029
42603
54844
64976
44699
40955
56533
74871
8767
92806
66092
33337
81189
89728
379363
145444
39342
54523
84080
46158
4199
75903
30876
64923
38022
161666
58308
18758
105659
83061
80220
260793
23999
37901
24101
106284
27328
42230
52207
161374
37582
41923
10730
354278
103
1366
7340
5879
794
30062
1631
891
10747
10803
761
4780
10774
10649
32037
281007
11558
11422
5854
54613
10518
12584
10640
17814
11372
10970
19133
40394
991
10786
19610
56140
37774
25305
23761
3870
12268
18666
26398
13549
16084
6609
477214
48197
42245
26842
9385
11482
21241
40064
19971
1723
32040
56648
19413
23479
31579
55784
6037
17200
30059
8446
21882
42236
40829
51857
15462
56675
35200
42233
37769
38362
34023
6476
25241
42252
38080
43751
59143
29578
46111
7392
31126
9878
42232
82962
1660
15943
29860
39965
48579
63438
17346
45232
4580
74719
40440
58925
53566
114255
47096
86194
137662
2459
195456
86190
38528
37455
44960
168362
40043
44630
5228
42551
60087
5651
42242
39419
54109
26539
120773
16176
50963
31913
36820
38394
31134
426314
37626
83001
162208
37415
149348
75641
16271
117258
59809
42241
61298
93018
29454
21147
76512
4286
252735
38450
32100
63848
56386
57447
38794
37904
149445
40343
44690
6883
258938
27378
10834
54313
138223
105070
51213
87041
162042
49636
124427
5002
106679
130024
70460
31690
42244
119010
37571
86241
156649
75023
39567
150146
21955
198521
140639
121727
82114
375207
92751
141752
56837
315797
31408
32322
67754
97782
59902
84425
85551
42239
578
510
5336
19333
677430
11843
762
983
968
1396
28209
17538
4546
22094
44012
3175
5725
11963
8043
9764
288987
36685
11484
13282
14821
11686
4561
1835
31121
38027
87774
17599
106909
27429
10711
32617
3121
29859
12259
38783
20914
18660
5122
401306
11020
39154
14815
11326
20126
32042
12223
43430
18710
20187
98025
4917
3480
44132
40180
40348
20850
52633
29694
4762
25606
42261
1829
39282
10915
32620
42266
31726
11053
62697
38701
32051
18450
31671
70259
4705
63317
94857
32303
36129
69482
9652
85927
27716
37550
112087
27361
135126
27396
55343
89659
83651
85955
74645
4704
58694
78353
97831
39988
54302
19740
180220
82135
19221
16561
67298
26905
42254
56539
91259
30672
31604
78329
68626
4990
7008
28994
34905
32069
252694
45874
115131
35549
101422
19174
28071
77570
143477
40950
53205
48855
76829
511
91554
40793
119296
74622
105240
111774
42256
74621
78267
32653
128339
116645
86203
49673
44697
70580
37754
37720
39211
28271
3554
139198
84062
42333
31654
112446
262711
98109
50237
103765
492015
69013
81467
31534
54873
77126
72455
86382
42257
61226
28757
107325
37339
219814
42275
252978
105882
29473
72882
158741
82402
84259
141703
86233
138857
129126
29489
83849
253112
88642
42267
57310
13415
240
30497
38582
829
682
496032
24402
2526
28153
16153
4176
13939
5919
6916
27327
4985
592
10869
11072
11123
37627
23069
27094
22048
81937
8333
11942
11034
4923
987
18979
3034
5121
4031
59189
1559
21489
16938
29845
14267
27085
17365
25627
48014
47406
26173
3117
27932
5558
39844
26648
8348
12310
28415
216
28550
42269
56787
4883
18818
11681
1410
8425
30885
3687
36096
14683
32044
596536
25944
37916
13397
19017
38996
16246
88950
44800
78546
54008
42453
70616
47848
81476
50146
26185
28715
72648
11710
38925
26480
55368
39775
10939
48847
30827
2204
42449
42454
5482
81672
31656
45186
105022
87246
80987
86889
26547
33740
49573
76198
35405
187542
29805
29039
96337
20121
62761
38152
96350
53897
75141
65317
52661
30671
87884
27019
15478
42450
42448
98113
210599
279091
29464
90949
18257
63340
93754
107444
200655
37521
70627
105902
133919
29672
47737
40810
57778
72185
86643
84922
54084
32143
42451
26327
85127
38446
41486
66765
85236
505239
113814
30702
24942
97553
135073
161620
20802
62662
137607
158647
119532
32940
13013
104041
505383
297484
80207
247798
93886
103698
122751
56383
70628
169494
28159
184578
283334
27196
82350
62367
83980
35275
84209
55848
114409
244625
270078
40218
221275
51242
9552
16306
12545
11886
90970
39264
253
9461
9277
11901
1705
5924
46581
114953
9040
12101
838
10648
8703
931
2362
8327
44741
15171
16307
760
13479
2487
30708
16180
17897
22307
14328
9474
11561
3133
88941
1847
203474
203
31943
4909
40682
24923
35669
10102
7857
27331
27084
4495
11577
14886
80295
10236
31587
3043
21035
28498
80601
32615
11293
48693
15018
53868
29425
25680
20803
40374
22021
30593
93289
2926
32080
38034
31624
22029
19562
11670
58447
11612
3478
26331
64847
53094
32627
2988
28110
42464
94542
28156
84363
120632
48350
42738
4984
26332
91618
42479
26015
1675
5483
41482
494
25473
4680
168228
31596
26329
37129
88359
30787
114395
88065
74619
2261
53024
73995
26202
89351
73984
42469
26762
70345
43003
42457
164693
62867
28797
103314
80382
112661
26196
76942
117207
11048
5656
56769
42468
219386
24097
73319
34800
30568
338016
32021
68133
47397
142195
46667
171219
56150
61852
39882
54505
54396
252902
62330
29515
87152
125662
52797
3068
45698
45827
89552
33331
39829
97519
364442
106402
29596
94741
34326
83831
76405
100788
131047
64770
327160
117581
94561
84847
19249
42471
63175
248969
152907
86501
371398
103711
89545
86217
89549
252539
54123
29850
38714
29142
74817
20567
238
38939
593
15516
9462
32613
11713
1643
5916
1688
47094
692
19336
2000
11610
11943
24559
10784
14881
551
25993
18250
22784
42491
10238
12593
573
10310
10669
12089
6949
12530
11624
21711
993
19403
30566
29491
3426
1721
15573
27292
49361
29424
127475
11035
23847
33020
4593
41471
18274
41474
40687
12116
609620
38761
112355
43417
36886
34280
811
33638
28170
30934
29960
86493
29449
16993
45793
26119
71138
54164
17810
42741
25771
58451
38060
52608
50627
81522
24236
15242
55106
85483
21968
35280
3581
34461
15360
2587
40022
41477
5691
241004
145826
22910
185949
33357
5927
58257
6591
87514
36682
31591
98903
89417
112687
59098
32061
96289
42486
27020
36885
20842
40983
61594
29165
14902
1842
24777
122281
46059
29852
126760
17120
40821
28650
72114
32140
126132
21964
24571
28406
19252
30901
68053
252967
90715
5485
82465
242920
37618
27116
247802
68247
61462
26928
123787
42476
90728
97653
79391
28160
25266
37601
57539
40365
21036
46898
48220
155024
156231
71910
42490
66775
27349
493
62363
30892
50952
39925
55044
62996
113523
69872
252965
49106
7514
163392
72449
21621
188628
4986
24144
40210
196253
41025
54942
74826
52943
75063
91891
107282
171105
72153
34921
143877
143437
37488
116764
252
185
265147
681
839
1687
21717
11302
984
12481
31767
994
11234
17965
39464
33583
1485
42501
466
636
1051
26774
10514
5920
80560
27431
30689
15393
36850
39043
11829
14811
28801
59408
31906
25188
29005
5486
26234
12335
482
45192
46845
16154
39261
32082
336
41357
20871
14257
17343
24349
42500
11951
27554
48211
61356
12598
26513
11842
39859
343
30941
36492
31283
30903
16328
11316
18287
6619
27236
44154
5822
22777
26237
35068
9267
24569
59881
36040
122271
39263
85682
83147
11914
30855
42526
42532
36194
121923
63025
53045
3125
24984
86945
46067
87734
90974
38646
45938
52941
42513
69973
71945
30648
31472
34462
46175
4279
45007
31537
31382
88583
21242
11378
86979
31515
21142
18047
36163
26405
40732
42517
78250
112234
42525
76871
11945
87789
40083
3427
63959
55624
139324
63512
53657
72086
38654
65502
20051
42514
56231
61799
92782
46762
47570
246719
65674
92272
69321
79735
23544
5745
17875
28855
40350
31648
247790
39993
28356
89115
107767
52761
226124
4156
86644
27459
42522
106046
279945
85442
191278
75130
90351
102443
31116
272238
49719
574350
72899
72259
74072
21256
104974
55847
53898
226640
71654
185942
42531
141484
27832
20628
32032
215671
172475
40158
46126
44198
61683
10112
1685
70327
4255
11165
651
2912
14384
11040
9062
11916
11202
26617
29748
5722
42594
20345
14801
38765
35838
2998
10671
11589
13400
31952
14676
23330
20444
2860
31935
9459
11913
132
26606
8416
34479
9394
26593
11657
5227
27172
33157
13384
13041
20556
35002
27313
3423
115309
46315
22033
106678
25625
258
88374
10364
5590
44510
24918
42597
4789
5185
38953
51992
1627
71244
194817
65891
10237
62108
26451
13765
31304
92804
28733
25251
99356
52105
36179
31675
1863
77925
92283
144625
42358
42345
45817
37662
77668
273554
49321
161460
31151
62675
66466
42598
42599
12127
87472
75905
77333
28050
140638
5620
3421
277396
144279
284047
278758
46691
32599
59917
42593
50754
114390
42589
37579
43477
39931
42592
69148
23506
69058
81888
145433
31581
56366
87503
233607
17276
28681
47646
98491
32142
26525
3145
122268
28051
46358
238850
179283
179880
4910
27371
77399
255086
24570
54283
85290
71943
60859
34377
71206
85962
34732
59984
149320
107121
42535
28760
174383
74065
20848
5776
33257
98048
144910
198652
68336
76837
121901
44721
90517
222953
98348
63859
72881
40973
113520
149319
123961
28476
121113
49800
64828
19753
67974
119575
33205
71944
248916
189225
33733
111375
38222
110408
95107
252708
96131
36888
248509
668
642
15873
624
26947
3171
264873
576
2370
39020
18118
28145
3116
13675
18972
4235
11163
42329
33436
37308
17529
10536
39462
11574
85398
11463
14030
2721
28289
19307
5638
29228
20391
3075
33166
11485
22522
40430
48831
4946
28652
26302
15383
12625
3485
30298
15374
41876
49225
66027
12097
42619
19293
1556
1846
52916
86767
55152
38792
26356
107321
2462
61742
5179
61862
92289
27375
1651
11643
12529
35031
42618
40140
55836
18352
28277
48612
26652
2527
45522
56354
48688
44239
110528
264445
8286
45598
92385
36161
67220
30645
28287
26520
64079
168348
18688
160055
37437
69526
27146
224463
42602
8693
127719
88504
85942
73612
66485
92378
41749
148662
120030
82372
122160
18694
42612
204092
97298
40696
96243
21335
42617
74333
89445
114116
47962
81477
242423
42609
68632
42462
31124
1790
131347
174842
93929
80236
63951
118337
77571
90563
7507
5928
81270
61738
25874
241001
26316
54494
58143
42620
252103
39295
74349
63320
42604
59427
56693
46495
193760
26121
4992
142305
82667
54006
37042
105583
18809
61411
24152
231872
72100
132074
40721
59231
126405
26972
104424
38670
139132
249946
202886
85644
42621
74137
66488
189038
150338
27425
27496
5700
181553
102177
36446
230280
63015
163924
65524
28269
62
871
335
11046
6003
8069
3107
4929
10331
805
14136
31681
912
33564
916
9929
17917
16085
753
39891
14794
18988
5335
10794
18333
32068
4729
17657
12105
11573
31965
29778
255
19383
16249
20873
18846
5721
41857
107920
9028
11708
26372
26170
11356
22377
11874
26690
4934
31938
42193
29290
27983
4191
29146
83122
46655
18628
33736
10638
81310
11912
68627
48169
39209
44446
17665
2994
46498
52686
32726
44783
25553
4993
22937
20238
40149
18693
173541
71395
58188
48564
42632
5147
3054
42636
41225
73604
42685
77158
18193
118533
51104
31345
77173
83359
54575
86302
42633
71189
32969
26341
39029
42622
31937
55316
30563
4931
58293
42626
27105
79468
32073
509109
38427
3483
77889
63100
93630
35284
25441
28167
121611
92798
32388
50197
31125
39861
67659
374427
242097
28073
139328
41294
52959
12796
46015
75947
64877
50789
34131
42635
27470
27831
1787
49776
56233
22176
36530
77304
68816
225852
97936
42630
42650
53654
56092
84636
139338
24563
188846
121971
25361
42688
4578
54221
60315
32831
29722
63888
18686
45690
49439
118872
85765
5518
50110
39225
185050
137520
79863
344088
86816
64936
246810
191413
42634
92927
86446
325240
79969
58612
42623
25808
184795
185181
268008
121052
119115
33228
9325
667
1654
12208
475
37247
2984
3053
649
1879
18627
10633
28504
26039
903
16081
17887
27277
39276
26912
25560
506482
3055
27945
11047
3104
11206
1561
4837
27031
5511
38442
24130
25385
42700
57230
4889
30197
31658
11696
42694
42702
10227
25934
5767
49397
18209
135
2798
2433
18900
20878
41608
34038
8075
8074
17278
1875
42703
41212
17905
56373
5064
45335
48714
42691
43915
44769
24568
1676
29510
77553
109089
32489
44695
12602
6319
169962
4932
107857
22694
18978
26204
4949
25445
73208
83355
43996
5056
1629
94170
88421
37960
44448
24816
29048
39308
41035
26299
82379
39526
3052
48784
3547
3051
42695
48135
76131
44258
54178
42699
95091
25904
139058
45211
20237
40456
2097
121713
47263
76072
42407
155450
145965
3469
74544
99008
38680
42689
36140
8211
42698
51856
73203
66043
210955
42692
54316
22682
39110
177681
36855
163376
119686
61105
31265
29397
140979
39262
399695
86059
33642
84643
119183
24214
122677
36775
54801
104237
84511
5748
170517
39519
11396
118911
48885
219577
110202
110479
51528
105101
91814
76875
71504
61943
141666
52728
55370
54011
88356
81046
168281
72762
219576
61041
48221
74896
279278
122051
33730
85535
70635
145230
86750
27441
100067
386335
18879
44538
259288
2525
429
10772
797
13377
3001
8290
22383
1888
13353
895
19548
3115
874
2661
3591
1052
5921
5780
26268
5923
12639
20620
6644
23728
29710
4772
17295
2161
22293
20277
19884
31602
20379
4710
15598
1714
19728
33954
17768
396
28763
20108
23832
17102
28270
16662
4375
22183
1403
21449
21
18373
34388
19137
42725
29049
15347
4708
14689
65012
23030
33666
33360
31918
9628
60555
5061
89132
36540
42726
38606
35616
31258
26259
28049
25047
36642
29452
119482
84278
45706
5060
36645
38800
26508
29052
34012
68692
42515
30972
3146
60285
37316
14755
35992
38720
9629
46041
789
58404
102298
28669
35109
46919
22899
4940
18691
18894
52867
18690
41057
42728
13343
29298
86343
101308
62143
42719
369621
6474
16387
21779
8737
40454
102288
54227
54195
47003
54276
37301
110614
40244
86192
234396
114333
29369
23076
56168
278777
86811
36283
89400
64875
1686
35780
27642
42714
74397
42717
39287
97944
84114
39768
42716
87120
31240
79877
31123
68338
26158
317800
29266
45694
91481
95410
56165
68979
91482
31232
129657
73477
141915
70498
234329
102195
207681
145966
3149
70693
66953
4893
73241
3210
17974
89995
42723
421230
143796
169066
247308
96846
233438
83814
29390
49863
363193
174865
234328
2428
660
15121
938
315
907
11481
13580
11694
19545
42740
13524
10338
29030
21876
13187
24192
26811
10243
3780
15247
16211
4728
3681
24395
8072
1942
36815
20540
19120
2786
26685
20875
11575
25866
20723
29715
21027
4879
36583
886
986
61765
16850
37921
14831
115128
7085
28295
29586
53023
65632
1870
38655
74767
38340
19661
26782
21930
11799
42664
95548
79406
38267
42745
38125
131761
18513
5720
44453
234391
17604
42737
39893
26483
26581
26573
24134
52122
200670
28673
37377
23194
108132
42735
42780
41004
192988
37991
28180
33364
17744
43407
118255
95838
42779
76286
17921
95767
77915
78411
80046
59336
83356
42869
4868
36265
19199
129134
83788
47615
18682
84840
234378
42729
5719
6026
39387
140402
3520
30080
11387
192451
233071
3481
26344
139118
46591
24790
5065
7506
29067
234398
29118
46917
85871
48136
51054
49683
234389
63260
26199
25905
234397
19195
63912
45256
56431
42744
91796
80678
94721
44006
25892
63507
53442
83926
42734
9627
54273
77140
85246
130474
149443
271813
119212
123498
234375
87981
104759
16303
6971
42743
26879
179921
161742
44141
30798
105465
8785
63088
32609
42733
108419
206518
109600
102845
38387
99935
49921
18645
114510
220278
104863
22701
42732
30374
252422
82811
71006
433
658
935
15766
11113
13382
506
4727
24229
69472
41308
391
1594
502
3482
17277
16672
34276
704
757
1682
23518
30959
5052
21159
28667
19953
3124
39231
44450
10604
25319
14703
14433
40630
36245
10299
30295
4034
26031
758
15421
5967
53021
12539
22829
34181
7348
39044
42791
3763
28177
32015
5066
8073
44736
2098
51863
29396
2094
3686
4939
32109
22543
9547
55150
1871
42795
32307
26638
1719
3092
15925
63083
49160
29486
49687
26817
28778
42782
29403
30202
57144
31270
256222
20932
34059
75525
24062
85609
27376
14241
77669
62755
42797
42787
67612
5741
32560
64524
23574
128437
40652
61475
60437
35188
28055
17696
46690
40618
262509
42794
35790
223032
39113
58878
171192
69557
85035
3011
42790
37684
125589
42796
96394
64873
161104
238033
210885
4999
126372
31383
98507
97915
140008
20886
29318
54266
123281
188608
31275
42792
54272
42783
9347
120959
223031
64158
85763
28532
234147
139226
66022
166607
165020
26357
31122
69559
2106
92725
102286
42786
3522
120045
155685
42785
313321
33037
64872
96089
143841
101651
113566
37315
27325
111752
29032
83519
55943
187703
52906
223037
100770
44503
132999
135371
55704
47616
115082
42789
42788
54265
19662
76688
61302
4987
77860
109097
56133
49571
686487
8095
9078
11533
657
571
5925
936
422
11576
5769
266
15263
27759
9960
4808
28503
11772
25504
29056
2690
100053
12493
18331
42801
24748
28172
42987
25253
28043
2593
30137
18774
32569
1040
47553
29455
11506
30204
42305
42344
37969
39495
45005
95220
51539
46787
38775
85521
50785
144299
6166
47122
68337
36324
17691
51260
85479
56800
250865
58383
86764
134288
52302
37037
126755
213668
88912
60773
81908
45282
79864
3012
42799
1849
93629
76147
82807
28536
1663
330080
122744
836
45230
95677
161313
108869
86168
104658
356002
182099
5711
19757
100657
42984
132346
69862
124058
294409
28533
122698
98216
51092
314979
30786
92719
153410
106020
18624
74215
70449
102188
138876
81399
68720
108003
284440
61697
142986
18510
1680
947
646
802
9289
19972
595
11897
29074
636401
11697
898
21143
13671
43011
36206
1162
14537
11349
29235
43012
11712
1628
11085
72898
662
16093
35392
12708
33632
24188
15734
1626
982
33468
18643
11385
20778
5636
45714
43002
11502
29570
32488
32041
19201
46330
42995
21135
3009
29264
31442
42997
55305
27568
499
32328
50474
43014
114046
26643
10242
34774
31287
10421
26190
41279
31804
18684
39391
38660
43004
5334
17185
16692
256
58733
16103
50759
41521
43016
28367
76814
119052
37522
109133
37238
69292
60792
26866
102155
49844
45267
43006
42996
43015
76000
35806
33765
62041
76344
73478
85428
118300
33735
25360
33998
109667
84937
35057
76082
53229
42279
86240
47796
93193
79827
103706
62655
46081
171075
44662
38384
43013
42990
113739
43007
74924
54723
45247
5646
42991
58867
41028
42998
37038
94915
114740
158213
17976
109757
171622
89924
94655
67749
144326
117969
41430
32071
153666
219082
43001
59990
297487
103709
46076
183247
18512
129766
86444
48003
67795
28187
85110
48110
89762
117501
256653
118955
164387
64871
54146
8773
85929
130401
116405
20975
122845
223023
187665
36362
12230
24248
821
16638
164
19186
248
11878
20139
28752
18993
990
10911
1725
43023
18647
30462
261682
32634
28569
2160
4497
16372
18228
11536
64568
4024
40641
86616
28501
41050
17984
40894
25062
430
29402
43028
32611
28333
11602
31522
11580
36731
750
28758
28699
40804
370969
22386
34530
46757
28750
20271
12491
72693
171861
41311
39410
46521
99372
37343
43020
48202
83781
55863
93892
29478
56343
87977
79716
22749
87966
94917
27717
84050
52841
32825
60991
84119
28720
64868
33710
34768
79299
76868
43017
63892
32008
38311
158800
31916
34282
28430
32115
57665
5642
78038
50567
93427
29394
30126
80595
18449
111037
59969
48421
67377
68198
119926
60759
84249
47834
4153
153652
111017
33336
21266
190520
62392
43018
98010
59434
110299
94092
269406
114214
63887
35189
5645
125686
25105
31742
57998
22727
64869
50977
70028
82944
31104
121523
79866
75752
118998
37560
111015
28284
169618
37422
115494
194146
28273
146915
37487
111024
80800
50409
266108
45258
140840
4528
43026
116389
58227
174709
88930
74529
103130
186682
187950
105596
119536
87323
32713
43022
102199
165356
110493
71133
334000
209714
29066
210808
47759
120555
127835
84766
398063
45946
34139
109203
48209
194119
57780
54477
287128
142608
63072
100064
75066
539
967
29756
439
284
966
24014
269
2134
23220
23439
11209
11167
1941
1908
18973
6643
27632
299
15788
43040
31102
11773
2982
47837
8422
18444
39890
18974
12617
1818
2546
6523
29259
31417
1673
46623
24167
25767
18780
46724
42506
11656
82311
43047
122019
22013
18642
3025
18639
25495
82792
36741
37230
10363
19414
24452
168408
5165
31589
23724
18929
52745
89484
21240
30784
36631
83407
27405
38151
28586
52203
45608
162040
43092
94393
43048
94131
92750
33726
118697
133
60046
71520
85926
42541
118653
78550
61702
36872
231259
28784
43037
37605
35662
50173
43046
31392
115972
51120
43029
53939
104602
43035
35030
129553
43041
83995
61711
15375
116373
43045
194487
55663
105406
3582
36760
80151
39948
39581
3764
43752
188434
88376
164353
39219
262780
64605
89751
43034
43106
43049
61194
43030
121636
31286
95467
53434
56268
1789
39779
43036
103185
31634
139916
89763
170302
189690
34145
196496
102165
21967
21077
43042
73898
84210
172535
402695
127808
282683
96828
86225
144537
48955
29422
19128
97895
43043
44023
18977
99592
14116
49966
140681
27419
152812
73894
133715
116385
251421
151606
43039
164107
260970
183806
99345
52003
34089
238814
86297
92301
95557
37200
36878
187592
67063
59239
80633
78842
145033
665
29996
10882
239
213
2576
147
11571
18990
301
5544
93
690
37412
18887
45189
14677
15856
55823
11791
9660
10513
38126
17664
27029
22642
12649
34783
43008
14698
27644
40423
15484
35412
54880
15944
6974
19715
46918
35921
26857
34528
18904
51997
4952
6610
27545
43109
31217
43103
37481
34148
1566
143092
72002
35124
896
85611
4820
46592
1940
28955
22718
6587
28770
155405
50231
35813
76714
95402
100661
43111
37305
40957
43051
94135
35663
28276
51912
43100
71041
43093
72838
39318
37942
130602
5648
4928
50011
40954
66888
86244
48409
26983
66869
46884
35139
2363
121234
46434
5926
32623
126781
26854
34662
329237
109949
37467
27045
147941
72904
110139
114618
25386
43105
58997
37216
43097
29741
170133
38750
58902
37742
43096
126919
70324
46039
119001
175681
261419
80534
58736
173882
56340
87342
43110
72160
214688
4455
33725
80320
86191
127186
161088
43205
59870
127688
172894
43112
79331
74542
108237
17677
62472
120522
76777
35924
18447
32070
79180
37066
38666
18146
90030
51947
70555
61643
60647
134810
78078
45570
57103
86413
210395
32107
32113
27280
38946
88395
106017
80571
34077
114599
97513
199155
53050
106032
115549
117429
71991
39558
48412
31427
81720
137826
135504
76486
239000
290350
88564
426
11868
8851
1480
42661
3127
11815
261
11414
17281
1377
18784
1937
14674
15515
17352
18724
2006
16347
1093
427
64866
27179
10971
61564
12501
11331
1059
37451
40085
22874
29453
24382
43143
5055
18644
38724
43114
40739
148847
42581
37610
17720
42402
28577
43138
3164
38659
18930
24508
43136
88431
34078
43117
80555
19968
43118
43115
46681
36754
16284
4412
47001
43137
112672
30637
76568
44766
155752
4933
44559
77794
25633
29065
45520
53187
126766
44969
94533
84079
43116
65590
76399
38364
95060
115054
39435
52639
110674
56156
37079
90027
47324
3081
61669
88765
822
44585
216707
76080
43139
108267
29347
86667
30104
141669
109122
37123
44521
34084
116327
102081
4926
78229
38269
111420
52202
45599
41038
80470
97784
56767
50697
2574
43119
121250
22334
84655
42871
85514
43135
142339
101288
52204
77814
32110
45674
130134
75797
5562
150067
64777
64382
89662
130145
51198
35128
239605
225943
188219
63027
111910
260143
133907
462357
19368
124400
93628
4701
116690
43144
106927
222996
44586
149708
57664
113158
62037
75799
111678
77960
93181
49379
247477
102182
77053
27261
98271
85718
39400
34593
74315
97149
76084
60899
56544
29393
124429
30364
43120
127941
93175
123755
43142
134774
33731
140032
171303
36954
55864
389
826
13320
25103
22201
490
976
8356
37257
975
28973
3777
19426
614
24012
14168
31682
3079
359320
459
38360
15697
37103
15096
18299
38006
21849
18776
22660
43236
26278
28285
43231
24203
43253
38432
35129
53949
40885
15876
36089
33734
38261
43715
53217
14837
25381
26893
79103
36521
39557
75046
25848
133792
30054
102966
150095
61370
24468
29071
66918
44931
145691
44693
53906
186408
48156
72903
44591
33668
43252
109441
44940
43228
35001
125327
23102
54797
82963
64735
30299
55192
83354
74002
47056
46189
84058
25722
43313
43232
80264
142254
37124
110336
38748
68850
43230
73000
72214
111477
63960
49843
26946
99886
119687
64984
37311
71768
38120
35926
43241
65488
68340
43251
52196
113697
43239
35185
46047
3208
194393
26155
29212
83578
44938
98079
60613
35017
138308
15787
80255
52367
92297
98289
40867
28659
56700
917
18535
138699
87669
52455
48280
208162
51555
41054
116212
104451
52199
177252
38260
33843
47167
176670
27623
178932
43716
98116
171164
101503
180762
71144
60938
116580
28061
38381
102038
46580
36459
153997
43250
49431
110671
43248
73027
85854
117026
37596
31393
108812
202436
44459
46449
185263
328918
125413
168317
37086
86777
82181
92809
40826
38045
75683
234868
80521
58549
118486
40933
26776
6844
18983
3114
574
22527
2897
830
11706
26036
40478
16520
1712
803
29592
24010
11549
42196
458
15244
150528
28000
11424
38171
247
42668
33319
1984
19742
18158
26030
10339
36786
44921
19178
39833
17591
32087
28528
897
26502
69605
43260
41553
39408
42658
55960
43791
28100
26865
64862
27625
35917
94407
34667
35918
53712
91472
42839
72771
33480
27344
15265
43310
40494
74672
41516
37462
26373
31280
43258
43312
84109
20330
81699
8420
111942
24751
25914
75012
107625
63096
22350
56068
107076
50799
264957
126550
136228
86782
35418
192544
11594
26829
173340
50717
43199
73449
45726
57993
65402
46401
22390
84567
25506
43259
189243
71171
45239
130933
183049
46042
108181
46421
77418
35895
127564
50177
75365
225958
46892
57603
80775
88558
28437
28290
1920
48385
62648
89450
102293
43256
75506
87932
55506
62804
183532
187790
235144
145878
193562
43255
147285
58074
56157
78331
68082
93006
61048
108266
63091
54673
74861
48886
43542
177046
86363
38338
74319
44545
58470
31984
37350
47310
90406
49372
121354
27999
44022
110612
129156
43311
59142
43261
101504
94192
74527
45744
140849
20806
57200
68097
230182
61903
187533
39109
36463
110754
89079
59869
64129
43309
28662
83746
37112
51153
154371
38389
63258
107443
46007
62395
10340
221
1679
934
541
18030
15919
5506
59397
381
457
10056
3112
827
48035
831
18264
14554
44026
11219
10653
50363
11839
220
40761
29062
5996
43316
37853
39940
29959
24580
53879
9077
33218
11700
43317
35987
13936
26516
42564
21490
43314
5801
4825
18612
29967
36489
20174
13210
81512
76117
149116
11579
43319
56287
76121
26661
28490
22342
85639
36102
4938
43323
25952
39834
114975
48155
68339
102295
82203
35956
28590
40578
78256
53211
45577
40633
35911
55601
71655
259692
54436
61934
63618
37911
17637
53441
35958
21006
16912
204994
72778
37637
16514
113939
122252
33814
65637
44902
29284
43321
127064
124711
114083
43315
57258
10231
66035
65550
109376
2438
37317
43326
17640
43608
368186
85849
34147
33444
78266
29412
173626
31374
25788
229063
70192
20942
76086
85601
22408
72242
28575
65014
75637
73307
76231
38059
208434
241819
38382
52857
35115
70313
149114
110773
44888
45136
72083
45213
130461
54179
47739
62742
27212
55380
8779
51426
29058
139799
92728
146768
38385
26758
35919
281449
60643
97211
28909
94405
77285
65114
113743
61094
75097
127817
28296
4807
59895
61880
43327
43318
43324
64368
29377
104487
124525
76119
33476
76269
174010
100319
50683
94123
128606
39695
79363
43197
136226
1678
567
43332
346
6620
521
173
10973
11848
12766
654
11071
405
3111
31372
1936
18398
18721
10178
44052
16563
43329
42328
13368
36191
20532
34689
43194
17729
61988
21468
18283
16410
21564
26596
27430
35580
27443
34000
26948
13457
51136
43294
32941
43195
68242
2748
73907
37635
23045
37463
105536
150875
198581
18174
51044
24442
24973
58007
23620
55859
11402
168528
37195
54979
86608
107427
41503
115608
156566
51227
60551
120124
94176
65994
197605
35861
65212
76372
28023
23097
80241
87936
108668
154093
86318
66540
31042
89725
30036
28661
17761
24518
63333
232358
138086
43334
64782
74810
290719
96876
33224
40790
43196
38962
233795
43336
112886
153999
39016
118517
56122
275573
43333
28363
40872
34652
28560
109018
57575
62753
35692
223611
57849
82046
121703
78852
36522
74074
43337
205331
176465
20127
72769
65380
281661
109898
88679
35913
45740
46363
48954
73357
47149
74753
200386
47312
245305
114746
138949
112004
75975
62396
141978
113843
97820
381998
83665
64071
50356
65799
89998
197006
31555
67540
68191
250839
138486
112049
113785
176546
274894
24212
43335
81417
43331
29057
99089
80316
72823
161113
254487
116210
59180
83743
83750
75121
91477
84764
82113
240712
41030
257101
239690
151207
23020
37413
44867
238737
124527
10693
29912
16535
804
759
41462
8974
20442
11426
3110
19997
30159
35073
14696
10297
25955
632
20424
6529
22733
19483
204
25009
10165
18807
18148
27030
14580
83099
778
47735
18573
28696
12548
1938
3023
19957
44747
34857
16914
29376
36554
53210
67409
82779
18019
14117
85498
34082
158359
24018
21594
11578
43348
99898
163999
216925
168330
43192
249134
43356
23293
47721
28775
41468
34933
77645
36949
3014
33754
61049
31024
111736
43341
113220
43346
74122
50694
65489
53581
37408
172908
68977
98364
71839
24381
33472
95977
52620
31560
229759
130102
104989
40165
48633
63861
43351
43354
34752
43349
25549
102597
176411
46011
11383
119904
47173
80032
89154
80806
76418
60617
56402
49327
33924
40686
114685
147897
19618
22734
23125
109539
40744
41018
143128
73553
44711
27560
49575
23331
72471
288679
93562
148766
47675
133119
249348
76258
37198
43355
109020
20621
344585
43353
76140
80749
130424
100656
345726
44692
107236
110116
53224
38808
27399
113225
26867
153228
72782
232034
45991
26270
63858
61502
110440
41611
38938
32089
57996
104776
122712
37380
34146
457692
45679
120615
43350
242516
123868
91245
37183
192371
40577
185249
83813
189885
169925
43342
249306
67446
75901
52365
45314
198600
30324
87983
33743
130885
120301
37184
199449
288
488
872
3109
3782
27191
40996
24008
1810
26175
38732
11972
32499
41300
833
11570
68822
21296
24005
28971
31713
43364
242299
10910
33454
43370
19171
39015
60547
44631
30345
192162
5000
25551
18698
61080
53651
43361
4460
33575
38682
16618
59087
20324
52954
24003
111043
87381
37340
48646
72472
26009
61430
227296
26283
43189
43360
249846
4462
120509
36334
43367
38964
108844
41312
112067
62547
46192
259183
25550
33522
30801
77678
131074
61095
51619
78265
76229
85783
260451
99691
72613
109936
43359
177440
99224
40715
168315
43365
131473
43188
83765
43368
44611
54184
28894
264131
46586
46852
60539
172493
85494
48627
103544
123432
90968
63795
95012
28431
87294
48407
47026
27884
84214
62722
72529
26294
52991
54422
147882
179855
63178
28056
84903
59041
128717
86735
192550
65787
67163
43363
24006
185197
102289
26241
26282
94618
326060
46145
54670
43191
45787
41464
319333
205463
92864
414831
42583
88677
71985
93775
117019
74436
43961
118636
337925
73363
4459
210019
111359
139204
79817
31559
94529
53849
396207
236287
178587
43369
37593
60535
56710
46014
38404
26242
44608
50549
119229
366823
185193
62006
43362
86769
67699
38417
25494
137717
58182
43358
40693
297574
212950
52973
279640
179439
81740
258737
102161
72675
11620
12092
30131
32961
25364
828
702
845
2769
13188
16380
10785
25673
31152
42567
32568
26205
47697
48481
23928
20853
45966
43376
54139
27544
33475
71652
35023
69592
50153
171130
109258
38688
61391
50247
49508
174773
25726
17820
95949
56597
22968
29467
36634
43379
47555
28561
27917
44592
43380
26712
23152
30025
53220
101557
115834
45099
161602
43372
27629
29835
47473
45218
25728
40683
18646
59401
41800
44890
83683
73896
46872
205556
40642
39946
43378
87378
83667
37214
41591
121247
39409
33479
25876
34269
84757
68630
69784
44334
53714
46875
217948
24512
91648
24774
29577
29112
44025
210721
35009
108245
117239
38766
45970
203883
4461
121161
60520
43377
144121
72773
45581
83081
129047
33437
22985
33673
29257
118446
45588
245108
43384
98328
156545
24002
173797
285959
22856
192989
79256
46196
103934
61138
51412
68976
43562
27263
147903
119881
83664
39018
49562
73313
113823
61960
16089
28434
84747
115111
116720
108232
84759
43882
77066
77650
106016
68622
41204
324146
115609
185273
131491
84397
39485
81987
47256
89993
76088
173893
27185
72479
53718
43375
80596
72474
43374
38369
104394
51389
72687
43383
121169
146856
61855
66851
81305
152266
249567
83779
67158
43382
101508
81724
25738
344922
37084
49368
197647
87349
39306
11224
599
11787
37292
705
16958
548
17057
37954
11617
20758
18671
1978
800
19119
14551
18995
17409
6646
24481
17221
32078
43388
55441
37327
25548
50030
20088
30014
28663
52971
32563
97421
160783
23325
36375
61501
25392
37744
134168
33839
25209
118236
101653
88766
22924
36339
30195
4173
29477
25564
4558
103164
96433
62084
87212
33117
74437
37329
35920
59821
55472
113921
23342
28433
27256
151310
54392
38664
45627
79401
72669
18281
29381
41552
43394
79101
88075
83015
46932
43385
103119
34651
35957
59165
20153
73492
40767
68309
28304
103927
147862
27543
38751
33474
43390
29106
87588
34623
37087
36331
36656
45283
40858
27978
106358
16939
111732
65282
1882
64456
39288
121707
19170
32929
73908
43396
252876
25953
36664
43392
60908
43386
73369
225098
53854
79399
84883
126900
259701
32690
43395
34931
83116
32205
61936
36338
18262
43387
77566
15390
46995
46531
136772
85293
96255
102144
48897
99492
111390
284618
61149
92775
54615
41084
23335
44398
68625
65991
46367
106041
120112
73550
432413
205673
73317
92699
77609
60606
90746
109887
130900
37485
37468
43389
244101
5770
62661
111019
52364
110465
147810
129529
94831
42767
62188
155331
134439
337602
43391
151446
74914
99838
70106
80636
215453
57233
76011
47745
140364
29993
1092
13465
28571
43436
15794
25431
13909
11898
31516
39314
25430
43650
24650
4175
28007
18712
63395
23567
150535
45578
20003
31556
20530
126956
22112
74961
92819
16665
26744
41058
17218
27036
30368
15266
4595
25918
20025
27635
25900
15497
19998
31623
32850
64711
94139
43397
37513
32887
93560
131913
24863
30625
43439
30095
26814
70151
118615
41551
20278
84364
28484
77546
84753
241754
87211
92796
24040
40206
35896
36461
31058
33477
49503
35852
46148
86946
177870
37723
44533
73595
64378
23189
60905
33923
179272
29885
96432
32684
23334
84664
35404
45184
157330
104083
83773
113237
32552
25503
33811
74286
38395
90807
80890
70113
85346
44669
88761
37482
228074
126374
155208
147886
23022
94959
41002
62091
41214
25509
74341
25915
120785
206145
29846
65211
120481
64620
177231
43438
154091
35923
211490
50117
43962
185079
43440
29260
73139
225034
96342
130101
456334
131488
201885
36376
179085
27563
175997
33738
31167
171551
68113
80572
126265
40650
45975
144109
125244
81878
88288
36848
36633
87194
15481
46096
86730
57693
51618
33554
183918
50731
59822
43187
43437
241206
30322
77012
25807
121197
65718
72542
43435
99627
241794
56131
61828
121074
164073
237369
256118
186268
25698
272596
37615
67170
49930
185934
117457
88601
43398
3090
1580
3089
10949
11016
13757
29244
5156
19974
37347
23383
21635
3073
41609
29380
20482
946
19542
35032
30325
32294
44190
27883
25858
29966
26038
21631
17804
13385
26167
8016
32558
60542
70136
28392
33115
43443
51467
37294
61908
20638
37484
90956
25672
74525
256726
62694
70447
17829
43458
111960
42286
60545
43445
18648
61579
35986
53834
61650
62000
184129
45628
60565
33111
55603
26385
61431
40718
25689
30624
41131
47873
43456
41487
73983
50800
43448
30015
43449
65213
29682
43451
33792
100257
29116
47623
90980
53510
39949
36814
107593
283921
37300
49437
112705
76211
186585
23861
76076
65581
130425
37352
297119
64139
154066
213570
237290
47922
49502
37504
26387
33538
43453
87200
40369
51146
43759
40024
160793
20362
34233
51141
43455
43441
26747
471011
128854
32066
101864
136837
27112
47305
151211
60646
51554
380435
29998
131472
22925
90954
39943
25688
18703
96252
119003
241298
138296
77822
84594
47632
31558
253728
50772
43442
108256
52278
126712
56722
128309
38370
69483
83838
36336
31664
92820
129815
43452
218212
80090
122740
43446
84365
252622
43447
43450
43454
80216
92164
84885
40985
271426
347853
256997
51659
84366
22117
102026
130649
32867
83790
33687
30327
165462
171296
69704
143170
40362
117419
30665
41599
678
46929
11881
16227
31135
16391
82767
19490
30588
28297
22292
43461
3766
33667
20663
20849
28120
31667
14595
40092
21454
19169
560
30308
17487
22356
117123
60541
52844
27437
41020
39853
82053
72847
103422
18871
37041
44101
84893
29365
18926
61091
87531
26174
72241
36335
28914
77649
33813
33686
33478
25407
44626
41206
138172
44868
29236
41465
33551
27035
26701
43464
64319
27203
90966
29470
43466
74759
25735
35007
1840
30196
37085
42342
90010
31980
30162
49842
70702
46955
45967
26592
65777
87219
37368
26761
104720
27448
49334
35401
53769
47923
108994
51476
44534
44542
33079
46490
27034
19335
29113
23001
18200
26616
72544
35546
20301
18806
106825
35955
217155
29117
62720
55308
37193
140090
18649
40073
48994
61140
19525
23622
26838
259292
53478
43968
93151
46300
32596
32327
89551
44572
40370
44623
82101
181537
121357
88812
67060
135000
59828
43465
67447
98539
584659
83031
229757
118536
56930
111459
91729
43463
44137
121994
177547
45960
193454
149687
144458
238368
137357
28567
106822
197603
217153
100342
53494
47228
31513
23340
39860
48234
130899
108688
47309
254141
88768
40232
111730
58799
3976
113832
254259
67169
253844
147843
174769
235414
175386
69995
332843
144674
70134
43459
52940
242378
223685
53465
254244
264731
1585
13850
3088
910
14638
25736
3767
14320
303
887
28162
32275
27452
16090
20246
26940
20408
27033
20343
8429
20417
648
19049
1841
43469
21336
29589
121230
34650
87939
26286
29100
90093
82787
44042
60743
61856
20298
44041
35077
55873
35123
52270
44043
29237
150433
25409
92459
24111
48800
86737
84419
86731
38469
74911
44098
40450
37309
36706
86901
30614
25502
28907
179115
25498
45828
38279
29829
29830
26805
99351
45322
43487
81741
26166
56135
94641
20028
26220
46680
28006
18700
38472
33546
217250
31518
40824
84720
43471
118534
44100
26657
43485
87210
26666
3967
123295
69682
47314
45212
70306
31144
89541
22349
61440
109235
29880
40209
38470
55600
38042
61436
69689
22688
134103
43483
74794
237334
88762
53446
54568
43470
20000
23260
47315
33077
26663
29474
347776
175660
61566
217083
118908
68143
82819
40250
230762
144744
29994
121159
65698
38471
32945
51571
242052
46095
83679
263013
38763
30734
54097
39887
86990
45685
254138
67548
125405
61151
117500
124583
112712
95273
110248
31206
256392
115301
70312
137235
53271
89187
3966
84887
34929
250117
165165
130886
29468
292875
52593
38452
153187
43473
43965
149414
159469
121759
100223
113003
124584
256649
258789
242778
64607
39142
264720
101859
38807
66816
100388
68496
16559
17889
30348
4174
22584
851
3309
13581
20367
17645
30346
97735
19072
28580
30793
307
26243
33419
55872
18771
17058
41305
31561
2457
34327
56137
17641
9797
32430
19096
13669
90984
30177
42325
112257
39441
50401
31998
43490
4886
26654
43269
116500
43489
43177
43491
33482
40716
41491
207659
42077
122211
30102
44869
36635
77123
30183
64925
27686
30022
35954
81678
46563
160660
72163
15401
42321
44087
43176
109881
165300
192938
84711
43492
29488
58732
43488
138991
80030
40235
43497
87196
126381
64078
17818
43533
48286
28115
29021
42295
64077
29490
29241
117836
58455
44001
151017
34127
87215
33536
49845
52337
46682
42191
43610
35849
48794
87237
23126
38468
46068
43536
32892
43494
45219
38467
110790
119764
40164
35543
101256
43179
60140
41073
87372
47810
109151
103625
38466
46614
290847
94881
128678
84701
69688
262090
73690
73154
84891
108843
37298
106882
136525
43537
43495
100295
52827
55541
117394
40470
195405
68491
43498
87216
75888
117959
29368
101850
140281
54028
143065
8418
49011
112842
285400
98242
3961
147859
352719
182756
90814
174633
41033
101770
255388
101598
221239
162865
402501
178575
298275
43496
130374
173634
118948
83792
179396
38465
101511
117393
